0.0626781
0.0961175
0.528643
0.535278
0.688466
0.899954
0.987774
1.07922
1.14052
1.65987
2.41798
2.46365
2.78526
2.8924
3.16446
3.19897
6.69632
8.34885
10.4334
10.4712
16.4493
56.5047
89.5263
114.222
397.376
560.75
1043.83
3536.8
6736.66
15668.2
Iteration: 0, Accuracy: 0.235435
Elapsed time: 13.135s
0.047753
0.0703893
0.137898
0.204626
0.207652
0.224272
0.369027
0.524096
0.532958
0.573399
0.923223
0.944469
1.20382
1.21755
1.23279
1.26702
1.43677
1.80995
1.93475
2.0776
2.16841
2.56087
2.67181
8.60888
238.63
481.623
959.476
3717.49
7173.96
16101.5
Iteration: 1, Accuracy: 0.196161
Elapsed time: 13.457s
0.0542508
0.0751121
0.112133
0.156808
0.157209
0.218378
0.253
0.396641
0.428465
0.648062
0.827057
0.835297
0.882113
0.915188
0.991459
1.04246
1.0995
1.24362
1.27798
1.37491
1.53986
1.59201
1.63921
2.97997
230.241
451.751
970.204
3850.69
7300.48
15993.2
Iteration: 2, Accuracy: 0.188557
Elapsed time: 13.44s
0.0487186
0.323386
0.351886
0.368011
0.385225
0.578979
0.604666
0.628494
0.867456
0.916699
1.1228
1.15216
1.39203
1.61276
1.66252
1.70639
1.87282
1.87785
2.3078
2.73409
2.86017
2.90372
4.02373
4.58606
289.05
463.924
988.904
3927.11
7368.23
15927.3
Iteration: 3, Accuracy: 0.18427
Elapsed time: 13.326s
0.0139145
0.0315332
0.0596286
0.134961
0.139727
0.160529
0.257834
0.613768
0.637314
0.788166
0.872841
0.878338
0.961939
1.18024
1.30546
1.58288
2.0488
2.33672
2.40997
2.73421
2.81737
2.98005
3.04693
3.49616
412.432
518.085
999.243
3955.31
7419.03
15874.3
Iteration: 4, Accuracy: 0.181397
Elapsed time: 13.382s
0.0615189
0.0811515
0.106139
0.108693
0.171871
0.225425
0.404729
0.548038
0.774919
0.870654
1.38552
1.60674
1.60887
1.70619
1.92167
2.14889
2.15925
2.1975
2.37657
2.86925
3.18438
4.0354
5.95476
6.94982
566.322
569.622
1029.09
3964.67
7454.89
15867.8
Iteration: 5, Accuracy: 0.179292
Elapsed time: 13.438s
0.0372575
0.0391303
0.0528915
0.201664
0.261502
0.360205
0.365967
0.375541
0.439641
0.757094
1.13912
1.25535
1.43463
1.46507
1.47529
1.55876
1.62445
1.66898
2.28495
2.44874
2.46666
3.8302
6.3453
6.94959
599.636
689.223
1073.43
3963.79
7463.58
15874.1
Iteration: 6, Accuracy: 0.178055
Elapsed time: 13.246s
0.148749
0.156051
0.15772
0.228136
0.248714
0.311172
0.407446
0.430267
0.561496
0.608611
0.646212
0.977051
1.05625
1.08194
1.10091
1.15234
1.17176
1.58941
1.60648
2.3224
3.15813
6.8058
7.38799
8.25481
628.234
767.288
1125.4
3955.49
7475.45
15851.2
Iteration: 7, Accuracy: 0.177528
Elapsed time: 13.32s
