0.00275461
0.00601286
0.0066391
0.0156681
0.0158245
0.0174234
0.0212714
0.0263847
0.0314831
0.037115
0.0372428
0.0447792
0.0488313
0.0526599
0.0633092
0.0638729
0.0705351
0.0802777
0.0851846
0.0882483
0.0973298
0.105317
0.109888
0.113502
0.121083
0.129819
0.14269
0.150846
0.15386
0.154668
0.155038
0.168402
0.170322
0.176867
0.183722
0.190114
0.193317
0.198488
0.203212
0.211864
0.213434
0.21516
0.226721
0.226826
0.256378
0.275887
0.304174
0.304217
0.307379
0.309402
0.310671
0.325667
0.326765
0.352537
0.388166
0.39034
0.45968
0.464349
0.507031
0.528164
0.574649
0.59476
0.608675
0.644902
0.658748
0.662751
0.668901
0.688833
0.692435
0.786996
0.792357
0.831318
0.851681
0.912906
1.00195
1.0217
1.28644
1.35685
1.71558
1.9719
2.13257
2.58183
2.63155
4.31496
4.61997
5.81904
7.08265
9.24018
10.83
11.1815
17.5264
26.21
26.6455
32.2654
82.5084
90.8619
200.394
364.749
397.134
1251.73
Iteration: 0, Accuracy: 0.216677
Elapsed time: 128.465s
0.0188664
0.0225627
0.0290901
0.0390758
0.046684
0.0499714
0.0624223
0.0872201
0.09433
0.0993964
0.109923
0.116287
0.121512
0.140096
0.212898
0.215255
0.223692
0.238345
0.248628
0.266669
0.270056
0.280619
0.290583
0.299404
0.302838
0.302964
0.324313
0.334644
0.361527
0.379089
0.389903
0.409858
0.412407
0.420008
0.42384
0.438208
0.480547
0.515799
0.522664
0.568446
0.572457
0.579567
0.588907
0.598117
0.614493
0.620165
0.66391
0.687383
0.698603
0.719678
0.73207
0.759621
0.760638
0.78309
0.799165
0.818319
0.901909
0.958966
0.967396
0.992796
1.01936
1.08847
1.14903
1.19604
1.22062
1.23326
1.29264
1.30782
1.3087
1.32196
1.33617
1.35151
1.36352
1.40936
1.49873
1.49939
1.54892
1.54909
1.57624
1.59682
1.79421
1.85993
1.87079
1.98857
2.01457
2.09419
2.16061
2.17502
2.55702
2.68683
4.36831
49.6209
76.7634
95.8511
260.056
291.502
636.861
987.907
992.767
2442.79
Iteration: 1, Accuracy: 0.198547
Elapsed time: 147.431s
0.0405235
0.042439
0.0549097
0.0610536
0.0736771
0.0837489
0.11034
0.117315
0.119068
0.122127
0.144675
0.184755
0.199741
0.207694
0.21378
0.222338
0.238096
0.238757
0.268345
0.282212
0.292126
0.30139
0.312375
0.32527
0.330157
0.352984
0.353157
0.358253
0.361142
0.393549
0.396407
0.403645
0.424004
0.424535
0.449912
0.473518
0.491737
0.4971
0.510665
0.525326
0.546486
0.568185
0.585164
0.606935
0.611222
0.66739
0.742094
0.744862
0.761629
0.784913
0.785699
0.806175
0.874133
0.876282
0.941325
0.954915
0.978177
1.00434
1.0456
1.06545
1.07971
1.08466
1.11023
1.1339
1.22055
1.23214
1.28458
1.28903
1.30841
1.33559
1.40924
1.47675
1.49673
1.55163
1.56613
1.62339
1.62929
1.6317
1.75103
1.82097
1.89715
2.07543
2.10589
2.42291
2.48516
2.6978
2.73632
2.95418
3.22454
3.94385
4.82533
73.2756
110.21
185.115
402.47
464.116
885.159
1206.12
1243.47
2748.17
Iteration: 2, Accuracy: 0.191268
Elapsed time: 153.325s
0.000271771
0.0334139
0.0410747
0.0539017
0.0738626
0.0849502
0.0934167
0.110203
0.115241
0.124345
0.125109
0.129529
0.169449
0.196292
0.202221
0.214526
0.230338
0.24289
0.246074
0.257426
0.262017
0.267274
0.271175
0.273967
0.300926
0.326267
0.326755
0.343143
0.365614
0.366581
0.388562
0.394742
0.401885
0.404541
0.405967
0.438522
0.440292
0.443163
0.444492
0.449686
0.497968
0.517237
0.525281
0.53841
0.546679
0.56541
0.569355
0.570334
0.586099
0.646011
0.661777
0.724648
0.729025
0.75046
0.75751
0.807242
0.811381
0.853768
0.884663
0.940163
0.940771
0.96983
1.00941
1.11129
1.11393
1.12933
1.16773
1.3707
1.38668
1.40272
1.48237
1.48859
1.50958
1.6164
1.63816
1.6553
1.70686
1.71946
1.79819
1.83838
1.89375
1.94512
2.25232
2.35574
2.59033
2.7014
3.15646
3.30161
3.72215
4.18582
4.8709
108.871
142.262
377.833
506.731
587.812
1075.82
1325.27
1450.54
2939.08
Iteration: 3, Accuracy: 0.186027
Elapsed time: 152.7s
0.0231227
0.0271545
0.053773
0.0582346
0.071943
0.0810751
0.0810776
0.0816063
0.093257
0.128074
0.136617
0.14558
0.182129
0.182752
0.222772
0.223652
0.23009
0.232164
0.239832
0.256726
0.278859
0.286999
0.315799
0.336617
0.354041
0.358373
0.367477
0.369053
0.378094
0.422759
0.446002
0.457006
0.45806
0.492168
0.528376
0.538965
0.542688
0.575633
0.618995
0.621534
0.672543
0.719887
0.730157
0.770156
0.837592
0.866338
0.919069
0.954935
0.973666
0.978659
0.979484
0.981425
1.00307
1.02259
1.0284
1.03754
1.04914
1.08349
1.10858
1.12045
1.15573
1.18879
1.21339
1.22943
1.23106
1.23331
1.24406
1.28413
1.30861
1.41852
1.44205
1.48579
1.53856
1.56637
1.6672
1.8794
1.96589
2.15153
2.31925
2.42773
2.53496
2.64414
3.00051
3.04908
3.10432
3.43081
4.01039
4.17354
4.29103
4.32237
5.26409
128.49
265.634
623.451
712.815
842.016
1316.41
1462.89
1651.17
3088.94
Iteration: 4, Accuracy: 0.181003
Elapsed time: 153.605s
0.000429497
0.00262769
0.00397425
0.0125675
0.0210584
0.0504844
0.0524269
0.0532589
0.0613889
0.0685908
0.073231
0.0907322
0.0990125
0.11556
0.117456
0.118218
0.13003
0.136008
0.142381
0.152618
0.156022
0.16247
0.182602
0.184531
0.201046
0.23365
0.235829
0.251152
0.254819
0.330848
0.332887
0.369606
0.373221
0.37842
0.394248
0.406062
0.432933
0.440822
0.476926
0.493379
0.533857
0.562978
0.568927
0.607837
0.616392
0.645626
0.681097
0.684453
0.717231
0.729482
0.740214
0.765572
0.771681
0.805589
0.809796
0.863657
0.890362
0.931803
0.946617
1.11277
1.1156
1.12103
1.12914
1.15009
1.20238
1.22483
1.30659
1.45709
1.4656
1.46904
1.49065
1.57349
1.65941
1.67737
1.68394
1.80786
1.8447
2.02289
2.023
2.11655
2.34303
2.52972
2.59274
2.71641
2.81996
3.37488
3.74961
3.86492
3.8821
4.5117
4.59453
167.237
358.879
737.186
821.411
1099.98
1468.66
1554.55
1768.68
3177.2
Iteration: 5, Accuracy: 0.177927
Elapsed time: 158.361s
0.000887144
0.000932659
0.022547
0.0316843
0.0355476
0.0607778
0.0613625
0.0665923
0.0714189
0.0722386
0.107784
0.109076
0.12574
0.135107
0.140408
0.155882
0.181737
0.201945
0.211466
0.21338
0.218347
0.260333
0.270828
0.271889
0.280757
0.284984
0.295546
0.309067
0.30979
0.318381
0.331562
0.338319
0.355883
0.364997
0.405263
0.439691
0.445481
0.458493
0.470555
0.487891
0.496874
0.553484
0.579745
0.603835
0.691059
0.737369
0.738006
0.74486
0.769358
0.795727
0.837694
0.863601
0.897764
0.980111
0.999178
1.01038
1.02037
1.04398
1.06491
1.13336
1.18024
1.19632
1.27673
1.27697
1.29677
1.36337
1.52863
1.53208
1.56074
1.6826
1.74427
1.76906
1.79484
1.91042
1.93276
2.11246
2.22335
2.23783
2.27614
2.50999
2.60676
2.77848
2.86739
3.00495
3.12207
3.19724
3.42494
3.51468
5.12401
5.75641
6.94174
225.675
430.189
809.611
929.483
1244.68
1563.87
1639.81
1838.55
3216.92
Iteration: 6, Accuracy: 0.176411
Elapsed time: 152.641s
0.0240498
0.0262518
0.037135
0.0381097
0.0413772
0.0926887
0.114053
0.115479
0.117333
0.117788
0.138896
0.141195
0.141563
0.151205
0.170249
0.172479
0.173103
0.183714
0.222483
0.227802
0.268647
0.273876
0.279853
0.290933
0.301153
0.30346
0.303932
0.324319
0.32925
0.335743
0.365846
0.368213
0.371896
0.372953
0.381021
0.406656
0.414438
0.443049
0.448624
0.479999
0.500803
0.521288
0.58203
0.589696
0.651608
0.655436
0.666718
0.667928
0.685854
0.689127
0.69789
0.706003
0.730237
0.731857
0.782307
0.79122
0.810533
0.86455
0.895472
0.911984
0.916424
0.934819
0.954149
1.03272
1.15077
1.15342
1.31327
1.38325
1.4099
1.4435
1.49754
1.5136
1.60877
1.61412
1.68022
1.78044
1.9266
1.99688
2.11787
2.28436
2.42957
2.44934
2.47608
3.09643
3.10591
3.55904
3.73736
3.8642
4.21266
4.30407
11.1499
317.8
510.554
875.943
1029.72
1365.28
1648.64
1709.79
1879.28
3266.79
Iteration: 7, Accuracy: 0.175084
Elapsed time: 153.051s
0.000688324
0.00265262
0.00662748
0.0321771
0.0466916
0.0670884
0.0706289
0.0789392
0.0987812
0.101894
0.126159
0.129607
0.130797
0.138003
0.139276
0.160364
0.161175
0.166625
0.17691
0.178867
0.189915
0.206594
0.246885
0.263141
0.267558
0.286724
0.294643
0.317169
0.341741
0.369096
0.374784
0.393089
0.397444
0.404103
0.421638
0.426464
0.432253
0.448797
0.470507
0.514207
0.517513
0.548558
0.549362
0.580309
0.581169
0.600303
0.607925
0.618479
0.66238
0.664008
0.678448
0.694992
0.714899
0.733024
0.73656
0.818986
0.86873
0.877349
0.903103
0.910431
0.952649
0.968888
0.986672
1.10299
1.18645
1.20587
1.34937
1.60435
1.63943
1.72175
1.86987
1.90142
2.0442
2.1664
2.18815
2.2512
2.25414
2.26575
2.30908
2.33449
2.3899
2.41103
2.51162
2.70634
2.9524
2.9688
3.08375
3.29798
3.81977
3.84909
5.09804
468.56
612.852
936.038
1128.17
1460.61
1712.98
1754.45
1907.23
3301.52
Iteration: 8, Accuracy: 0.173606
Elapsed time: 154.038s
0.0069314
0.00803261
0.0226203
0.0302969
0.0535074
0.0583342
0.0906716
0.106155
0.121298
0.143198
0.154139
0.155775
0.166603
0.167911
0.207404
0.207679
0.223936
0.224359
0.226987
0.230025
0.247806
0.264613
0.28182
0.317593
0.334327
0.340068
0.385038
0.392325
0.407053
0.439186
0.47389
0.485216
0.505003
0.579777
0.599654
0.618961
0.619764
0.62062
0.632038
0.651045
0.670239
0.700912
0.750142
0.763687
0.768763
0.776895
0.782214
0.809964
0.819198
0.887842
0.923276
0.986915
0.999205
1.02515
1.04165
1.04594
1.04962
1.06664
1.06821
1.14026
1.15506
1.19102
1.24827
1.32642
1.36128
1.42937
1.51144
1.53491
1.62186
1.68025
1.76522
1.83086
1.86553
1.89672
1.91014
1.92885
2.0636
2.17392
2.20302
2.32031
2.3633
2.47866
2.72016
2.90429
3.19278
3.37039
4.08886
4.25715
5.45362
5.86697
7.16593
605.916
700.393
1027.65
1202.68
1522.08
1763.67
1802.1
1928.22
3334.57
Iteration: 9, Accuracy: 0.172801
Elapsed time: 153.111s
0.00163716
0.0270026
0.0276033
0.0396203
0.048885
0.0542811
0.11105
0.114612
0.11504
0.13976
0.152503
0.153463
0.174899
0.182918
0.192994
0.26299
0.277964
0.323311
0.344231
0.366453
0.385896
0.435166
0.463148
0.471728
0.484885
0.487774
0.491295
0.5081
0.517515
0.583974
0.584121
0.704553
0.789033
0.834726
0.83586
0.842145
0.854891
0.857769
0.866148
0.946552
0.973521
0.976364
0.983186
1.10964
1.14014
1.16618
1.20983
1.21384
1.21874
1.23243
1.24541
1.33537
1.36395
1.50513
1.5742
1.6493
1.73433
1.74214
1.74231
1.80021
1.96133
1.97558
2.02656
2.17937
2.20398
2.24069
2.2792
2.40574
2.76931
2.77887
2.79589
2.79825
3.04663
3.14743
3.23209
3.25956
3.86562
3.95755
4.18626
4.21258
4.45925
4.9163
4.92499
4.99311
5.38248
5.87538
6.2865
6.54164
6.91488
7.41575
11.2713
702.013
759.727
1108.58
1267.97
1592.02
1815.08
1827.31
1955.18
3367.09
Iteration: 10, Accuracy: 0.171914
Elapsed time: 152.459s
0.0101957
0.0174577
0.0606053
0.0978094
0.113113
0.118255
0.120748
0.125356
0.229212
0.235114
0.242276
0.251371
0.269517
0.28036
0.285586
0.286848
0.309468
0.310865
0.353866
0.382112
0.404674
0.424686
0.429978
0.454563
0.458903
0.466666
0.474571
0.4798
0.484954
0.499675
0.55636
0.567298
0.69577
0.697253
0.745064
0.766538
0.828096
0.846002
0.848051
0.881878
0.916414
0.921163
0.940889
0.962543
0.980983
1.07263
1.09029
1.13679
1.15875
1.17581
1.24956
1.36047
1.41028
1.47253
1.505
1.61268
1.74608
1.78922
1.87015
2.14092
2.14867
2.26298
2.47655
2.69096
2.70277
3.06425
3.19828
3.43492
3.48983
3.53303
3.59251
3.7206
3.85204
4.03154
4.05195
4.72389
4.97381
5.00452
5.35623
6.64394
7.21427
7.52036
7.91226
8.23361
8.97513
9.60699
9.88245
10.2741
10.8879
13.0726
17.9553
791.288
821.398
1179.29
1318.82
1644.92
1857
1869.75
1991.13
3392.75
Iteration: 11, Accuracy: 0.171238
Elapsed time: 153.016s
0.0218273
0.0452881
0.0854973
0.0903558
0.105381
0.118468
0.125275
0.127288
0.136812
0.198116
0.198815
0.235956
0.237672
0.245602
0.284386
0.310324
0.354751
0.378164
0.389903
0.405014
0.437675
0.4839
0.50811
0.569832
0.594379
0.597663
0.60233
0.674631
0.747884
0.753255
0.771304
0.77197
0.772619
0.781659
0.816424
0.88008
0.933565
1.05624
1.06612
1.14809
1.14954
1.14999
1.16742
1.16995
1.21231
1.23147
1.28179
1.29785
1.32131
1.32347
1.32411
1.33355
1.33561
1.48392
1.52472
1.55977
1.57741
1.74303
1.9979
2.11283
2.11368
2.30142
2.32483
2.42585
2.50659
2.53112
2.71229
2.73318
2.77119
3.12242
3.53689
3.56511
3.73098
3.79908
3.87714
3.90182
4.10916
4.47491
4.63301
4.88501
5.11829
5.33688
6.08702
6.45843
6.46943
7.77105
8.25697
8.30599
8.54167
8.99538
22.1484
851.453
869.029
1237.06
1372.69
1682.71
1882.03
1887.52
2004.95
3412.82
Iteration: 12, Accuracy: 0.170614
Elapsed time: 151.932s
0.00624302
0.0136708
0.0151687
0.0289008
0.0559066
0.0862482
0.0869496
0.097142
0.130862
0.133092
0.154093
0.163787
0.183126
0.183887
0.197222
0.202222
0.214013
0.218083
0.220644
0.227205
0.229447
0.247075
0.263407
0.297965
0.362741
0.363462
0.373835
0.418092
0.46134
0.461361
0.470555
0.55017
0.608341
0.608481
0.626629
0.657628
0.682433
0.70355
0.712094
0.723483
0.729875
0.737003
0.762385
0.770714
0.785923
0.80695
0.821266
0.986756
1.21021
1.21708
1.23381
1.29896
1.35456
1.49282
1.50427
1.54385
1.63185
1.65008
1.67772
1.73657
1.77352
1.79656
1.81306
1.84623
1.86049
1.8933
2.08941
2.34889
2.44365
2.53555
2.85213
3.00811
3.29128
3.39125
3.51312
3.69196
3.9166
3.98555
4.1952
4.50631
4.57893
4.94339
5.10473
5.31755
5.70435
6.76855
7.49985
9.10074
9.72727
13.1533
14.7652
903.643
907.957
1281.14
1412.53
1712
1902.2
1907.77
2034.31
3442.1
Iteration: 13, Accuracy: 0.169978
Elapsed time: 153.308s
0.0249826
0.0695247
0.0760634
0.10024
0.115783
0.126093
0.126323
0.136743
0.143083
0.177578
0.178427
0.185687
0.215725
0.221636
0.245852
0.258687
0.30554
0.327131
0.348515
0.363874
0.378963
0.398734
0.406731
0.432519
0.447635
0.484164
0.506247
0.565079
0.589839
0.602488
0.604949
0.633741
0.634363
0.66059
0.761301
0.773809
0.79936
0.800495
0.877261
0.877945
0.888338
0.928595
0.935395
0.995102
1.08291
1.14689
1.22578
1.24965
1.25122
1.2726
1.4102
1.42195
1.43525
1.5779
1.5845
1.597
1.69929
1.7155
1.71781
1.78578
1.96234
2.00079
2.18047
2.25354
2.26266
2.26299
2.59822
2.76797
3.07272
3.40572
3.41555
3.90872
3.92849
4.12672
4.15348
4.50293
4.66297
4.97718
5.386
6.24372
6.62768
6.97582
7.02559
7.20098
7.83544
9.8622
10.7509
11.5318
12.4599
13.68
16.3402
935.788
948.485
1328.46
1442.24
1737.15
1918.6
1932.61
2038.05
3451.76
Iteration: 14, Accuracy: 0.169797
Elapsed time: 152.363s
0.00264558
0.00346281
0.0105692
0.0450184
0.0516978
0.0589717
0.0731292
0.102118
0.106334
0.130828
0.159858
0.164849
0.176216
0.199344
0.213518
0.236426
0.287066
0.291029
0.29552
0.30488
0.309054
0.313605
0.32144
0.401091
0.416517
0.442751
0.457702
0.470178
0.488913
0.501439
0.577569
0.598722
0.646677
0.691302
0.700164
0.807591
0.919148
1.00165
1.14463
1.18253
1.19293
1.38139
1.39019
1.43299
1.44909
1.44962
1.49659
1.70619
1.80339
1.95829
1.9591
1.9934
2.0107
2.0934
2.13415
2.175
2.20913
2.26885
2.31839
2.40329
2.73077
2.83229
2.98684
3.1174
3.1274
3.22709
3.25845
3.43007
3.43932
3.47183
3.47659
3.63413
3.70925
3.70959
3.89775
4.3155
4.4199
7.45306
7.52875
8.80838
9.18113
10.3756
10.5184
10.8581
11.1188
11.1857
11.4757
14.2231
14.7588
18.0522
22.8278
957.702
991.489
1363.66
1474.64
1758.47
1941.72
1941.72
2041.21
3470.31
Iteration: 15, Accuracy: 0.169598
Elapsed time: 153.924s
0.0106732
0.0115263
0.0384849
0.0607504
0.0656179
0.0885813
0.0958952
0.0971337
0.105884
0.116195
0.120936
0.132198
0.135306
0.141665
0.151201
0.28465
0.284886
0.319039
0.327941
0.33858
0.359497
0.375614
0.408456
0.431846
0.459518
0.471532
0.473778
0.524953
0.557685
0.55799
0.566617
0.590511
0.604468
0.61013
0.639308
0.639823
0.643239
0.649694
0.675172
0.688783
0.704311
0.762829
0.798171
0.827707
0.873665
0.924448
1.03957
1.06355
1.06369
1.25378
1.26838
1.38542
1.39161
1.4114
1.4884
1.50841
1.89196
1.93914
2.02293
2.12423
2.30499
2.47577
2.50079
2.56815
3.08663
3.17852
3.21173
3.2216
3.26486
3.27151
3.28752
3.83215
4.15541
4.45507
4.71342
4.75099
5.33185
5.9308
6.5357
7.28864
8.87456
11.751
12.496
13.1936
14.1347
14.3478
16.1591
16.758
18.024
19.5056
27.924
974.63
1023.88
1403.62
1500.96
1788.94
1958.76
1964.88
2052.63
3487.1
Iteration: 16, Accuracy: 0.169428
Elapsed time: 152.419s
0.0251295
0.048191
0.0511275
0.0567428
0.0659099
0.0745106
0.0890105
0.111938
0.145317
0.183888
0.185424
0.202239
0.232
0.295836
0.304756
0.3225
0.354822
0.355716
0.398574
0.400882
0.429933
0.444395
0.520895
0.523208
0.542071
0.569385
0.601472
0.636296
0.689967
0.702768
0.773748
0.776982
0.799198
0.834376
0.873441
0.884842
0.960465
1.10103
1.14202
1.19077
1.24838
1.28703
1.30105
1.30263
1.32719
1.35113
1.43284
1.44743
1.63285
1.67277
1.68294
1.7614
1.76921
1.81809
1.89013
1.89499
1.91699
1.92741
1.9519
1.96405
2.01887
2.05472
2.06354
2.17223
2.20544
2.27062
2.27752
2.28768
2.33671
2.9456
3.27858
3.32195
3.79007
3.97087
3.98889
4.39681
4.81917
4.90555
5.58334
6.36114
6.45019
6.6278
7.95761
12.8952
13.0548
14.7055
18.8971
19.3116
19.6028
21.4942
29.477
1000.49
1044.31
1429
1528.41
1804.7
1975.72
1978.86
2069.49
3496.57
Iteration: 17, Accuracy: 0.169169
Elapsed time: 151.63s
0.00562811
0.0227524
0.0316969
0.0412533
0.0714054
0.0927009
0.0951599
0.0963686
0.105733
0.107357
0.112578
0.138087
0.180311
0.180593
0.181842
0.224616
0.24071
0.24102
0.247788
0.263794
0.270554
0.28723
0.301587
0.328332
0.353351
0.357577
0.361825
0.373843
0.386746
0.411862
0.506818
0.507004
0.526061
0.604193
0.62441
0.626886
0.66153
0.729345
0.755735
0.834263
0.844048
0.844952
0.893595
0.94881
0.9845
1.06436
1.12698
1.14779
1.21195
1.26345
1.34526
1.40894
1.49032
1.68743
1.77918
1.88503
1.95656
2.16584
2.31333
2.45217
2.62561
2.74451
2.7469
2.77669
2.80971
3.04351
3.09093
3.4011
3.43787
3.7464
4.06009
4.14347
4.16977
4.92216
5.2471
5.26866
5.86606
5.88599
6.00988
6.33034
7.79149
7.89381
9.67694
10.8554
11.1289
13.6214
14.6914
16.2885
20.8006
30.9967
38.8043
1005.88
1065.96
1451.08
1547.38
1817.27
1984.43
1991.26
2088.37
3508.66
Iteration: 18, Accuracy: 0.169161
Elapsed time: 151.259s
0.00898167
0.015596
0.0180001
0.0673465
0.088457
0.0938029
0.103251
0.108264
0.112343
0.114486
0.190751
0.199103
0.202667
0.215921
0.236295
0.238257
0.298932
0.351566
0.354865
0.384583
0.386199
0.405255
0.437265
0.457384
0.457722
0.463722
0.464655
0.466239
0.500778
0.536515
0.549154
0.549233
0.560564
0.590567
0.633135
0.633912
0.730849
0.731535
0.763859
0.77988
0.891577
0.964697
0.9756
0.983342
1.01939
1.19566
1.22944
1.29574
1.33671
1.38731
1.45273
1.45843
1.48075
1.75791
1.76059
1.77361
1.77973
2.01561
2.12492
2.13001
2.14865
2.35449
2.5371
2.64606
2.79069
3.31989
3.79917
4.33613
4.91955
5.14581
5.65434
6.0768
6.26208
6.54197
6.55016
7.3175
8.12937
9.01245
11.4923
13.1265
13.1583
13.3262
14.1165
14.151
15.7046
16.1587
16.5456
22.0036
23.7672
32.6528
35.8837
1021.68
1079.21
1486.65
1571.85
1821.64
1986.56
1996.77
2098.4
3526
Iteration: 19, Accuracy: 0.16877
Elapsed time: 152.406s
0.00335148
0.0305067
0.0331429
0.0635879
0.0660868
0.0670037
0.148657
0.161009
0.172074
0.17872
0.227482
0.2454
0.24763
0.250579
0.320789
0.346562
0.351975
0.413119
0.436512
0.453078
0.465916
0.468574
0.477928
0.485801
0.527898
0.531774
0.539764
0.558166
0.583181
0.615176
0.630945
0.641668
0.647402
0.747226
0.756571
0.786573
0.827407
0.897066
0.931783
0.989219
1.05047
1.05947
1.08546
1.13803
1.14445
1.16943
1.24551
1.25078
1.4972
1.69184
1.76808
1.83591
1.84988
1.93314
1.94279
1.97024
2.04327
2.06235
2.06355
2.32369
2.38873
2.47396
3.3301
3.50856
3.55913
3.72798
3.8053
3.8433
3.9062
3.94412
4.08894
4.40605
4.58732
5.15063
5.37375
6.21712
7.07572
7.16416
7.46393
8.58372
9.88436
10.9422
11.0849
12.1729
12.4618
13.8807
16.9784
21.4931
21.9232
22.4999
31.2893
1031.44
1102.5
1502.16
1581.94
1836.1
1991.91
1994.19
2104.35
3531.65
Iteration: 20, Accuracy: 0.168678
Elapsed time: 152.068s
0.0187277
0.0416169
0.0524002
0.053534
0.078619
0.0865229
0.116858
0.179221
0.20297
0.2423
0.257689
0.29476
0.300486
0.32586
0.371977
0.433228
0.501797
0.545819
0.549041
0.577054
0.597072
0.597548
0.608553
0.643617
0.647558
0.684365
0.725542
0.731034
0.736255
0.754482
0.806709
0.827802
0.838294
0.853558
0.85394
0.949556
0.966892
0.98388
0.984029
1.04825
1.0668
1.12671
1.16636
1.18649
1.32669
1.42294
1.5699
1.60514
1.60535
1.82906
1.85498
1.89879
1.91339
1.99753
2.05532
2.07499
2.11009
2.2088
2.21951
2.30623
2.39068
2.72283
2.83094
2.92856
2.94533
3.0882
3.23265
3.2717
3.49539
3.58849
4.89167
4.91639
5.30151
6.51219
6.5371
7.21742
7.52584
7.67411
8.07239
8.6918
13.7285
14.0268
17.0561
17.687
17.9432
18.385
20.5999
21.8602
23.4879
26.2802
26.3964
1046.03
1098.07
1526.94
1585.96
1852.27
2001.94
2018.1
2108.28
3533.43
Iteration: 21, Accuracy: 0.168787
Elapsed time: 152.697s
0.00544331
0.0131239
0.0269484
0.0412667
0.045182
0.0659705
0.0716833
0.0911082
0.111064
0.117322
0.134197
0.157483
0.188793
0.191229
0.195448
0.241869
0.252881
0.271644
0.356225
0.371626
0.374166
0.460193
0.47055
0.481085
0.564085
0.584099
0.686142
0.728969
0.772106
0.817949
0.819068
0.826372
0.928909
0.936873
0.948408
1.00309
1.01524
1.10404
1.10593
1.12492
1.17448
1.17499
1.27808
1.33711
1.43328
1.49786
1.63329
1.65989
1.6763
1.7462
1.74787
1.80034
1.80058
1.81381
1.96743
2.04506
2.0628
2.21793
2.28138
2.34959
2.4041
2.64022
2.65442
2.6954
2.88886
2.95603
3.08313
3.10971
3.18599
3.59165
4.27919
4.76887
5.23501
6.17058
6.61213
7.01117
7.42918
7.57434
7.59646
8.25775
8.39918
9.31124
11.3853
11.5063
15.5306
16.1865
17.6063
19.002
20.5613
24.2837
26.9833
1063.34
1101.54
1530.1
1605.84
1862.73
2007.93
2015.61
2123.98
3534.33
Iteration: 22, Accuracy: 0.168596
Elapsed time: 151.803s
0.00372858
0.0218095
0.0352329
0.0628231
0.104936
0.124981
0.133055
0.146404
0.146764
0.150127
0.191437
0.193019
0.216873
0.225055
0.2418
0.257074
0.268667
0.276195
0.329201
0.349336
0.350419
0.366703
0.367398
0.389867
0.407894
0.410833
0.456811
0.457181
0.463626
0.502547
0.549099
0.556104
0.568266
0.578782
0.607906
0.61953
0.661248
0.729209
0.76646
0.828132
0.907951
0.945662
1.09753
1.15762
1.20033
1.4412
1.5432
1.558
1.61459
1.6841
1.71104
1.73465
1.7936
1.82967
1.95805
1.98009
2.03278
2.05987
2.14578
2.41331
2.41995
2.43082
2.6161
3.02471
3.02482
3.14087
3.14982
3.17244
3.4756
3.59668
3.9282
4.1568
5.01108
5.0653
5.17245
5.34277
6.24147
6.27237
7.55162
8.66403
9.36235
10.8406
11.5402
12.4334
15.4469
17.0249
19.6961
20.651
25.0475
28.9011
39.5188
1063.21
1105.75
1543.67
1612.57
1848.62
2016.53
2019.57
2122.63
3544.4
Iteration: 23, Accuracy: 0.168531
Elapsed time: 151.979s
0.0017133
0.00751744
0.013201
0.0260399
0.0320578
0.0327494
0.0477234
0.0633071
0.0839518
0.111357
0.11782
0.132494
0.133895
0.135935
0.13839
0.147845
0.181893
0.191879
0.238069
0.243078
0.255903
0.261848
0.273101
0.282878
0.299015
0.318368
0.35476
0.382668
0.405381
0.480014
0.488968
0.513121
0.541613
0.56488
0.571365
0.593609
0.596533
0.637643
0.667968
0.689674
0.713902
0.717055
0.719391
0.722728
0.7366
0.818421
0.878761
0.990132
1.00437
1.18808
1.21654
1.32867
1.36736
1.38135
1.40294
1.41591
1.5244
1.75285
1.89561
1.89684
2.02398
2.03033
2.094
2.0992
2.10492
2.15396
2.68126
2.9417
2.98425
3.17676
3.21688
3.25891
4.46277
4.70081
5.46846
6.02752
6.57495
6.5887
8.17144
9.27141
9.6713
11.1808
11.1827
11.7946
14.0007
14.5254
18.5375
19.2757
21.0076
37.0172
39.9688
1083.53
1104.75
1547.32
1626.85
1857.03
2021.48
2026.66
2120.27
3544.4
Iteration: 24, Accuracy: 0.168679
Elapsed time: 153.081s
0.0133086
0.0267001
0.0298887
0.0301314
0.039197
0.0663926
0.0908854
0.106569
0.133003
0.135993
0.147768
0.171133
0.218281
0.248327
0.260674
0.260869
0.29177
0.292003
0.321355
0.328359
0.396576
0.411724
0.414249
0.434218
0.439336
0.460277
0.461818
0.504423
0.570263
0.593553
0.64845
0.694839
0.771544
0.782081
0.817185
0.835023
0.855799
0.85948
0.867568
0.922887
0.926098
0.960962
0.978055
0.980858
1.1323
1.16591
1.17821
1.25735
1.4025
1.59388
1.61939
1.70809
1.75669
1.84001
1.89255
2.00581
2.07343
2.18175
2.46685
2.5258
2.66853
2.71773
2.79139
3.09993
3.10342
3.37057
3.39724
3.6607
3.94787
4.01133
4.16204
4.18887
5.43423
5.44149
5.53228
5.71514
5.93741
6.57676
6.96717
7.25074
7.35245
7.79444
10.9025
11.2807
14.9179
17.2457
20.8364
29.7209
31.3296
31.956
36.8844
1095.89
1108.82
1556.55
1640.32
1880.93
2023.42
2038.71
2129.61
3549.12
Iteration: 25, Accuracy: 0.168501
Elapsed time: 140.302s
0.0158124
0.0197178
0.0485984
0.04869
0.0496403
0.0924101
0.0943679
0.0943768
0.102481
0.130963
0.176305
0.199965
0.218604
0.256998
0.274849
0.284429
0.353643
0.359085
0.373757
0.396589
0.443878
0.458272
0.459892
0.483649
0.489325
0.50364
0.561434
0.586257
0.599901
0.653917
0.802886
0.806948
0.827019
0.834519
0.959428
1.00359
1.11257
1.35972
1.36689
1.38126
1.39363
1.41583
1.61926
1.76605
1.8649
1.86585
1.87903
1.89042
1.96769
2.03753
2.05922
2.10686
2.21209
2.26999
2.28873
2.39468
2.52664
2.53426
2.54363
2.55156
2.58407
2.73568
2.86799
3.15088
3.24084
3.52074
3.57045
3.66659
4.11187
5.79605
5.93106
6.11574
6.70154
7.03796
7.91401
8.79937
9.00262
9.20868
10.7259
10.8774
13.7464
15.3214
16.742
18.0761
19.4076
19.6027
22.521
22.9538
28.1753
34.5943
38.5036
1098.61
1104.65
1568.97
1654.63
1878.09
2022.87
2047.59
2133.82
3544.55
Iteration: 26, Accuracy: 0.168653
Elapsed time: 134.451s
0.0107299
0.0173732
0.02295
0.0386297
0.0679652
0.0727701
0.0792368
0.0973211
0.107122
0.109024
0.137433
0.179736
0.206673
0.229512
0.244312
0.250123
0.260266
0.266516
0.3044
0.37714
0.405848
0.422346
0.42303
0.437418
0.464965
0.484685
0.491191
0.5192
0.548583
0.592031
0.619687
0.637958
0.651199
0.677469
0.708746
0.855219
0.893259
1.04694
1.20893
1.33516
1.41914
1.67982
1.71152
1.88481
1.94593
2.02182
2.05415
2.17541
2.30945
2.48642
2.52745
2.58858
2.92291
2.99271
3.15736
3.18215
3.20335
3.2396
3.32179
3.35346
3.61428
3.88118
3.97047
4.02653
4.25411
4.42666
5.25861
5.53769
6.19271
6.28217
6.75721
7.03347
7.21411
8.43719
9.00327
9.8769
10.8409
11.2977
11.8259
12.5876
13.1029
13.2895
17.527
18.8806
19.9253
24.5621
26.6702
29.6528
35.3742
37.2429
45.1033
1102.78
1115.71
1586.38
1667.47
1869.07
2021.78
2048.97
2139.28
3549.12
Iteration: 27, Accuracy: 0.168495
Elapsed time: 133.891s
0.0343765
0.0705662
0.0732455
0.0984938
0.10436
0.126094
0.131151
0.153434
0.166867
0.177655
0.194634
0.232618
0.254892
0.259539
0.267112
0.287307
0.311268
0.313641
0.317156
0.318096
0.333066
0.462272
0.468139
0.471126
0.498312
0.505539
0.507861
0.609453
0.645194
0.648556
0.653902
0.676394
0.6933
0.721775
0.875401
0.887964
0.91112
0.99672
1.05448
1.10146
1.15405
1.34662
1.38269
1.39799
1.57072
1.57599
1.6375
1.75233
1.75794
1.76432
1.82371
2.03169
2.23919
2.38518
2.38638
2.41636
2.454
2.87151
3.53237
4.10531
4.31629
4.33227
4.34501
4.62776
4.64591
4.86141
5.02416
5.17071
5.81475
5.96945
6.11297
6.23314
6.50006
6.65852
8.03777
9.9061
11.3742
12.3433
12.8931
12.9585
14.3659
14.8707
15.7742
21.9996
24.5751
27.9926
28.0829
34.0164
34.7109
40.9055
53.29
1109.15
1118.74
1601.32
1679.31
1878.43
2017.82
2049.86
2139.7
3554.91
Iteration: 28, Accuracy: 0.168452
Elapsed time: 133.325s
0.0121103
0.0146729
0.0336265
0.048836
0.054385
0.0551653
0.0715642
0.0850544
0.112417
0.162804
0.171057
0.18976
0.192171
0.204211
0.21087
0.214197
0.268976
0.280342
0.293225
0.316997
0.333103
0.361946
0.403362
0.43357
0.433969
0.436517
0.450212
0.455229
0.508543
0.556528
0.665426
0.720323
0.726183
0.752492
0.912096
0.933565
0.941871
0.99898
1.02571
1.09852
1.09912
1.29815
1.34195
1.40398
1.42541
1.43582
1.44417
1.55726
1.77569
1.78132
1.79148
1.79663
1.85886
1.86946
1.94051
2.04261
2.17966
2.22418
2.24381
2.47373
2.77188
2.856
2.95884
3.02173
4.38941
4.95337
4.98119
4.99027
5.05621
5.37441
6.17603
6.78853
7.33858
7.38457
8.36662
9.93924
10.3584
10.9247
11.9953
12.366
12.4457
14.2238
14.282
19.0817
24.1546
25.278
26.0242
27.1345
37.3526
47.8036
52.7119
1110.32
1122.88
1602.54
1672.76
1889.12
2017.06
2057.84
2142.96
3559.88
Iteration: 29, Accuracy: 0.168232
Elapsed time: 134.522s
0.0194724
0.0412278
0.0526695
0.0583284
0.0759438
0.0870319
0.0886994
0.139786
0.146304
0.15895
0.181901
0.220171
0.220768
0.254719
0.278875
0.281367
0.290035
0.304451
0.315428
0.326661
0.352107
0.373379
0.383932
0.39231
0.409695
0.44301
0.46889
0.483507
0.505278
0.561356
0.561847
0.563027
0.563845
0.579509
0.6424
0.737139
0.747831
0.760326
0.86567
0.913413
0.920799
1.06422
1.1367
1.15319
1.25873
1.28152
1.33943
1.36131
1.39507
1.52445
1.64994
1.69425
1.71846
1.75878
1.81414
1.85525
2.43922
2.57731
2.75757
2.91724
2.96299
2.96362
3.09762
3.37992
4.25918
4.27767
4.30862
4.55941
5.12811
5.18739
5.30792
5.85012
6.60217
7.44671
8.87454
9.0374
10.65
11.1927
11.2174
12.2826
12.5377
14.2177
14.6329
15.3883
15.4724
18.6924
25.6256
33.8231
37.5366
53.4431
55.0948
1120.67
1141.87
1621.63
1688.98
1875.79
2009.83
2059.84
2146.25
3550.76
Iteration: 30, Accuracy: 0.168401
Elapsed time: 133.796s
0.00451991
0.0153177
0.0637455
0.0693977
0.109136
0.116315
0.125467
0.137521
0.144766
0.144918
0.168358
0.173907
0.196372
0.217061
0.226611
0.246467
0.263387
0.278168
0.289201
0.374468
0.39051
0.478696
0.484405
0.487021
0.523575
0.559895
0.573163
0.613915
0.654158
0.703474
0.785042
0.887538
0.916885
0.946361
1.01442
1.25371
1.5731
1.57342
1.6258
1.64843
1.66343
1.70023
1.70382
1.72682
1.75593
1.75635
1.77762
1.78262
1.95713
2.17399
2.28511
2.38858
2.53409
2.57199
2.75392
2.78706
2.82422
2.82931
2.83144
2.85127
3.0146
3.25169
3.33142
3.35984
3.60022
3.78997
3.98681
4.62937
4.74891
4.7859
4.86486
5.05016
5.47483
5.50559
5.90756
5.96829
6.03604
6.88692
7.372
11.4482
11.7153
14.1978
16.7498
19.2595
20.7575
24.4818
24.6073
26.8411
46.199
62.2553
63.111
1121.32
1136.33
1622.6
1684.1
1870.74
2024.02
2064.05
2156.21
3565.21
Iteration: 31, Accuracy: 0.168481
Elapsed time: 133.484s
0.00793408
0.0478544
0.0536987
0.061734
0.137742
0.189272
0.197829
0.208558
0.22979
0.279959
0.282458
0.317122
0.338264
0.361535
0.363745
0.441625
0.455271
0.479403
0.491533
0.515343
0.532588
0.557923
0.568519
0.585706
0.589924
0.61381
0.647693
0.723691
0.780914
0.810927
0.907759
0.961938
1.00754
1.0253
1.11446
1.29395
1.38373
1.38453
1.38689
1.39491
1.4508
1.58964
1.66184
1.84709
1.89477
1.96193
1.98691
2.01236
2.17563
2.28467
2.30297
2.32996
2.73583
3.08048
3.14105
3.24574
3.33722
3.34213
3.38861
3.7281
4.57007
4.5846
4.64558
5.08249
5.30866
5.77163
5.85763
6.48141
6.64036
6.84354
6.94723
7.22907
8.37977
8.76346
9.4491
10.9187
11.5634
11.6534
12.4966
13.5521
13.7008
14.3416
15.2788
15.4464
16.3612
24.2743
28.2269
30.8385
34.0345
66.6439
72.3506
1125.08
1148.99
1628.28
1688.66
1890.33
2007.81
2069.48
2156.66
3580.49
Iteration: 32, Accuracy: 0.168393
Elapsed time: 133.316s
0.0304544
0.0511094
0.0522917
0.0928123
0.117164
0.159613
0.160158
0.17177
0.233531
0.235826
0.238697
0.241692
0.244374
0.26383
0.268225
0.320593
0.33139
0.380739
0.408282
0.417046
0.437759
0.463554
0.477533
0.538838
0.558048
0.570795
0.584561
0.680104
0.728236
0.808818
0.839836
0.866773
0.9129
0.988111
1.09494
1.15554
1.18381
1.20241
1.23551
1.32194
1.3382
1.3912
1.44062
1.44393
1.44527
1.47069
1.49593
1.54477
1.56522
1.58203
1.84721
1.88786
1.92754
2.06372
2.2763
2.35321
2.73859
2.8363
3.149
3.22609
3.29221
3.30311
3.47366
3.74258
3.80527
4.2045
4.56357
5.54347
6.59845
6.88435
7.00584
7.05651
7.69365
7.96056
8.83063
9.0734
9.98469
10.7829
12.6922
13.1436
16.9722
18.1627
18.3353
21.6451
25.6031
29.6685
34.1116
36.9498
37.2611
51.6431
88.3343
1117.68
1137.24
1634.56
1687.85
1886.09
2014.75
2064.5
2162.21
3597.64
Iteration: 33, Accuracy: 0.16852
Elapsed time: 133.265s
0.00809338
0.00982248
0.0348606
0.0384023
0.0391063
0.0393879
0.0456955
0.0851014
0.121028
0.13943
0.149749
0.152551
0.179123
0.188268
0.193516
0.206341
0.221467
0.24359
0.247788
0.286886
0.302181
0.36232
0.408709
0.415439
0.442239
0.442934
0.465652
0.500699
0.532672
0.567917
0.57831
0.77562
0.839108
0.842907
0.856811
0.893433
0.931734
0.939461
0.993262
1.00148
1.02609
1.1443
1.15368
1.43309
1.54219
1.5429
1.56383
1.59228
1.87185
2.00779
2.01766
2.23502
2.26476
2.36757
2.49171
2.58484
2.60568
2.87054
2.8769
3.17312
4.13866
4.1438
4.16857
4.78481
5.93089
5.94434
5.98781
6.06639
6.10845
6.39665
7.51003
7.70075
7.89234
9.81836
9.81903
11.1264
11.2073
11.8466
12.8058
13.4848
17.7097
17.9417
18.5983
23.7819
26.4974
28.8631
32.3604
34.1964
40.6958
53.1379
118.038
1127.85
1136.15
1625.53
1692.69
1877.65
2008.73
2071.79
2155.57
3604.08
Iteration: 34, Accuracy: 0.168244
Elapsed time: 134.095s
0.0121526
0.0208411
0.0210688
0.0291526
0.0300539
0.0527807
0.0669974
0.071723
0.0800533
0.104403
0.120721
0.123927
0.147831
0.171191
0.174807
0.184226
0.194916
0.204352
0.206047
0.222806
0.230927
0.269274
0.305899
0.39295
0.43321
0.437151
0.468847
0.471762
0.521171
0.529308
0.626863
0.709433
0.743777
0.784179
0.797014
0.799582
0.837345
0.956705
1.17396
1.19854
1.26185
1.29533
1.30382
1.385
1.53644
1.59058
1.63103
1.78024
1.80411
1.88279
1.93156
2.00293
2.24854
2.3266
2.37633
2.59986
2.6779
2.70365
2.91148
3.05115
3.1363
3.94281
4.03162
4.30683
4.56559
4.91082
5.10942
5.39917
5.40582
5.85615
6.31372
6.6272
7.73821
8.9381
9.684
9.78748
11.0412
13.0927
14.0543
14.3882
15.7888
16.4457
18.5034
21.8709
27.7333
30.3798
32.6822
33.7105
43.5669
43.9262
148.517
1122.69
1153.3
1630.41
1701.46
1882.82
2018.51
2067.99
2157.16
3607.28
Iteration: 35, Accuracy: 0.16832
Elapsed time: 132.804s
0.0108092
0.0378274
0.0500224
0.0688712
0.141956
0.149774
0.191394
0.225291
0.279003
0.305975
0.32877
0.355042
0.370921
0.372183
0.382322
0.38273
0.399998
0.414755
0.438296
0.478058
0.491295
0.51459
0.535137
0.544825
0.548196
0.633367
0.638183
0.674505
0.679513
0.686352
0.791449
0.795525
0.839848
0.860148
0.866473
0.878253
0.890405
0.94475
0.990468
1.12496
1.22538
1.33029
1.52549
1.57703
1.58388
1.59221
1.68327
1.70967
1.7349
1.73739
1.74234
2.01178
2.27622
2.40401
2.45629
2.46411
2.56465
3.31201
3.33459
3.43515
3.48768
4.28644
4.33549
4.38408
4.42026
4.55505
4.62629
4.737
5.26413
5.29603
6.13126
6.40935
6.5178
7.15597
7.8518
8.13821
11.8619
12.6711
12.8048
15.2698
17.0146
19.7273
20.7059
22.2669
25.8746
29.1456
30.5303
44.1746
45.0515
46.852
186.951
1128.89
1154.67
1628
1705.64
1894.97
2013.69
2062.01
2156.9
3607.12
Iteration: 36, Accuracy: 0.168222
Elapsed time: 133.637s
0.0546036
0.066327
0.0734201
0.0911539
0.0993555
0.101295
0.108224
0.108819
0.128242
0.133133
0.137436
0.192913
0.23717
0.24809
0.251837
0.254148
0.314423
0.326948
0.341306
0.343499
0.361804
0.391302
0.392735
0.452367
0.47958
0.54142
0.560895
0.658843
0.68388
0.699108
0.727014
0.869485
0.929153
0.93617
0.964096
0.973546
1.02773
1.10723
1.19378
1.21452
1.27047
1.36882
1.37501
1.44629
1.57486
1.68022
1.72631
1.73591
1.78714
1.93414
2.30392
2.30502
2.36204
2.42531
2.5126
2.81441
3.06042
3.13199
3.13974
3.3654
4.02716
4.99444
5.02705
5.11397
5.40412
5.62699
5.65737
5.71985
6.0014
6.38153
6.98344
7.16903
7.86936
8.01737
8.45207
9.25766
9.82637
13.3375
13.6793
14.238
16.1926
17.1637
21.0538
21.1032
26.5829
28.3536
33.9485
43.281
49.1237
53.4181
234.217
1114.38
1161.7
1628.71
1700.12
1903.4
2017.31
2062.95
2152.05
3599.59
Iteration: 37, Accuracy: 0.16833
Elapsed time: 133.414s
0.00868896
0.0140192
0.0236568
0.0283823
0.0402185
0.0465427
0.0484585
0.0572409
0.0854996
0.113124
0.158844
0.195723
0.294435
0.305133
0.312999
0.335942
0.372475
0.414353
0.415916
0.446186
0.453402
0.460598
0.499137
0.541329
0.588441
0.674815
0.72001
0.73854
0.852332
0.868542
0.99058
1.05191
1.15741
1.16965
1.1965
1.33482
1.35223
1.46156
1.50592
1.53814
1.60787
1.61275
1.61745
1.76317
1.79579
1.8421
1.89992
1.96059
2.04895
2.1006
2.12346
2.1251
2.25886
2.30085
2.36752
2.36894
2.49019
2.51144
2.61439
2.72404
2.78097
3.27896
3.46545
3.79439
3.87618
4.7526
4.8707
4.98428
5.85378
6.1348
6.17579
6.65021
7.69492
10.6923
11.0779
11.5827
11.6907
12.6726
12.7959
15.8067
17.2125
17.89
18.2544
21.954
22.1418
28.9826
29.3026
29.4234
46.9481
57.6575
304.312
1128.12
1166.72
1639.76
1703.65
1899.03
2039.38
2060.38
2153.16
3593.33
Iteration: 38, Accuracy: 0.168189
Elapsed time: 133.065s
0.0104574
0.0196527
0.0354045
0.042069
0.0760528
0.110707
0.115959
0.125635
0.133627
0.146382
0.161538
0.169926
0.182546
0.188234
0.210455
0.214764
0.222521
0.227439
0.228291
0.241857
0.255023
0.300805
0.30639
0.343751
0.37482
0.422424
0.528126
0.585811
0.595768
0.659653
0.707302
0.742845
0.765112
0.791513
0.824916
0.893139
0.947926
1.09122
1.09936
1.116
1.31731
1.43712
1.53543
1.59655
1.79638
1.93191
1.95945
2.02317
2.0812
2.15047
2.45803
2.61383
2.65693
2.74804
2.89619
3.16629
3.21786
3.26393
3.35646
3.47847
3.48156
3.48824
4.16897
5.62361
5.83695
5.93879
6.07229
6.16232
6.59555
7.22047
7.9601
8.06281
8.08146
8.56106
10.688
11.5179
12.7469
12.9207
14.1979
14.3049
14.5826
15.2913
18.5319
19.7038
20.8447
28.0442
28.3654
28.5621
48.7899
69.2346
344.604
1132.03
1165.75
1641.03
1700.43
1888.68
2048.19
2062.37
2156.1
3603.97
Iteration: 39, Accuracy: 0.168336
Elapsed time: 135.473s
0.02486
0.0312135
0.045675
0.0525717
0.0597473
0.0599808
0.0606707
0.0893942
0.105036
0.118468
0.147662
0.156563
0.182572
0.211892
0.21215
0.249034
0.250017
0.266441
0.278059
0.286656
0.320576
0.323386
0.377044
0.422584
0.457766
0.461111
0.464092
0.472288
0.492529
0.540184
0.55099
0.553977
0.58714
0.686551
0.722017
0.798975
0.851914
0.886439
1.22246
1.25713
1.29793
1.31003
1.97785
2.07231
2.11145
2.13606
2.21923
2.302
2.39481
2.51242
2.54085
2.55194
2.75442
3.24056
3.28436
3.63991
3.68179
3.76827
3.88543
4.44978
4.49659
4.67568
5.53535
5.55118
5.55577
6.02749
6.28137
6.63903
6.70253
7.00093
7.02381
7.93755
8.46201
8.5756
8.93411
9.20714
9.77609
11.8055
12.4355
13.8127
15.9169
17.2598
17.7092
18.161
19.9679
23.2177
26.5455
57.6869
58.7565
60.6604
405.667
1127.89
1164.32
1653.91
1710.09
1895.83
2051.33
2063
2151.31
3592.11
Iteration: 40, Accuracy: 0.168323
Elapsed time: 134.043s
0.0197122
0.0238322
0.0494481
0.0616222
0.0725503
0.0815719
0.0908763
0.101849
0.105824
0.109499
0.114444
0.123937
0.136142
0.137013
0.154889
0.158594
0.183853
0.219415
0.222249
0.226398
0.232565
0.292748
0.345879
0.356192
0.406779
0.438959
0.44255
0.448564
0.501257
0.509845
0.521394
0.573098
0.632947
0.648279
0.719116
0.840061
0.889877
0.937717
1.2007
1.34689
1.37417
1.47093
1.52916
1.54379
1.58163
1.61417
1.72824
1.73498
1.74516
1.83063
1.85936
1.86196
1.87485
2.00645
2.13426
2.13846
2.16042
2.2764
2.35013
2.35851
2.39719
2.70628
3.42243
3.55296
3.67902
4.26316
4.66525
4.71384
4.88108
5.0137
5.22189
5.51257
6.09422
6.38637
6.82551
8.50229
8.83743
8.85071
8.91456
9.16783
9.68007
11.6518
12.3599
17.1215
19.4909
19.6847
24.1992
59.4639
61.1633
62.9
454.37
1124.33
1153.23
1650.44
1714.1
1907.73
2039.32
2064.33
2150.73
3590.2
Iteration: 41, Accuracy: 0.168484
Elapsed time: 135.536s
0.00571356
0.00752656
0.019265
0.0229543
0.0516688
0.0703641
0.13317
0.136211
0.147608
0.167779
0.170689
0.177368
0.179074
0.233555
0.237931
0.252662
0.267421
0.272245
0.274355
0.291983
0.364819
0.373895
0.399021
0.443366
0.473422
0.483569
0.508941
0.511283
0.554624
0.554816
0.557389
0.558989
0.601495
0.624023
0.693228
0.720428
0.724107
0.750205
0.76534
0.813977
1.00671
1.01018
1.06034
1.11254
1.14813
1.18388
1.23845
1.247
1.36686
1.45209
1.46739
1.4836
1.5864
1.65261
1.77173
1.78227
1.92795
2.14816
2.5938
2.64706
2.74496
2.75486
3.09369
3.2614
3.54383
4.08136
4.34923
4.52866
4.67995
4.85674
4.94402
5.08111
5.3881
5.81157
7.77556
9.30787
9.74934
9.9129
10.3929
10.7873
11.6252
12.2603
12.6056
13.079
14.8102
18.6047
26.4124
56.9502
69.186
75.2115
509.679
1121.04
1154.54
1637.88
1713.04
1897.46
2033.72
2058.96
2141.26
3576.64
Iteration: 42, Accuracy: 0.168395
Elapsed time: 134.693s
0.0145574
0.0147459
0.0187049
0.0191598
0.0385067
0.0423112
0.107496
0.110183
0.123237
0.123987
0.163272
0.164668
0.177896
0.180284
0.254885
0.258559
0.271973
0.292345
0.308777
0.320063
0.334125
0.335258
0.451865
0.454924
0.506854
0.515016
0.56553
0.583078
0.635119
0.640532
0.702414
0.717611
0.749785
0.810826
0.851846
0.926721
1.00728
1.03024
1.04227
1.10604
1.10626
1.25565
1.32881
1.37978
1.41621
1.5115
1.58244
1.59145
1.61924
1.62916
1.67462
1.85986
2.05877
2.06544
2.08651
2.12613
2.22138
2.51461
2.87126
2.93433
2.9954
3.08287
3.38135
3.68767
3.70934
3.82121
4.07273
4.19195
4.37374
4.73726
4.78274
5.1224
5.24444
5.41743
6.02087
6.71057
8.11192
8.22606
9.88572
10.52
10.5261
11.8452
13.5446
15.8834
22.3194
23.3951
25.0772
50.5277
79.4668
81.645
547.648
1127.35
1153.07
1638.71
1720.91
1887.59
2029.79
2055.21
2137.77
3575.76
Iteration: 43, Accuracy: 0.168458
Elapsed time: 134.236s
0.024845
0.0487099
0.0651818
0.0693792
0.0769414
0.0997113
0.123387
0.140268
0.142145
0.149814
0.151881
0.1813
0.181669
0.183975
0.290339
0.299993
0.352369
0.366086
0.381331
0.38972
0.41675
0.419664
0.452055
0.533286
0.533424
0.5446
0.555003
0.557272
0.594804
0.606456
0.628719
0.641427
0.689528
0.694604
0.700783
0.737383
0.755544
0.762977
0.914842
0.96562
1.08727
1.15546
1.17193
1.19479
1.20639
1.28502
1.30781
1.30781
1.39704
1.40842
1.46387
1.52824
1.56097
1.63359
1.81234
2.16038
2.18247
2.20169
2.20854
2.3155
2.34285
2.4216
2.53334
2.71168
3.06553
3.2129
3.27717
3.72135
3.97812
4.09381
4.68522
5.05257
6.98864
7.09197
8.72698
9.16365
9.33558
11.2754
12.9143
15.0415
15.3745
17.4918
18.5371
22.1959
22.3365
22.4317
28.6024
51.0937
92.1582
94.2282
573.263
1129.15
1160.99
1636.18
1712.4
1897.48
2031.13
2055.83
2135.78
3574.5
Iteration: 44, Accuracy: 0.168424
Elapsed time: 134.412s
0.0181144
0.0216741
0.0322944
0.0345773
0.0788315
0.0882533
0.0936452
0.191719
0.192175
0.193061
0.196263
0.209513
0.215951
0.225177
0.225441
0.231841
0.23451
0.240906
0.24808
0.263444
0.264315
0.273182
0.280433
0.29314
0.301006
0.302667
0.319675
0.321
0.377224
0.426459
0.448357
0.469625
0.501561
0.509352
0.554217
0.612847
0.670765
0.677547
0.688948
0.692017
0.713344
0.730937
0.778982
0.867586
0.881604
0.892932
0.997514
1.02351
1.10552
1.35568
1.37274
1.39303
1.47486
1.49307
1.51441
1.52707
1.54074
1.55284
1.69225
1.84323
2.09279
2.329
2.35349
2.51238
2.66593
3.52467
4.46663
4.52858
5.00437
5.28383
5.53258
5.95093
6.56667
7.09689
7.89346
8.22953
9.04269
11.3192
13.9994
18.7038
19.84
21.1229
21.1476
25.3192
26.095
28.9127
30.5936
60.0919
82.5419
95.2433
596.482
1138.27
1157.13
1628.38
1720.84
1894.7
2026.49
2055.35
2133.81
3570.43
Iteration: 45, Accuracy: 0.168501
Elapsed time: 133.507s
0.00464064
0.0511503
0.0593656
0.0761726
0.0798365
0.0888484
0.108471
0.110554
0.137438
0.146602
0.157643
0.237823
0.252599
0.257547
0.275403
0.281375
0.295702
0.301975
0.30824
0.311361
0.315156
0.366209
0.381251
0.399962
0.405071
0.41908
0.446816
0.461035
0.500298
0.50539
0.591575
0.605452
0.637406
0.673164
0.73523
0.795471
0.818679
0.884223
1.07831
1.10121
1.13032
1.16297
1.19507
1.2785
1.29072
1.29296
1.2931
1.39348
1.43008
1.46805
1.52127
1.61585
1.61768
1.77851
1.84254
2.021
2.16386
2.319
2.44452
2.45549
2.49639
2.54218
2.64371
2.87473
2.99852
3.02838
3.16239
3.16905
3.22654
3.53021
4.48412
4.59379
4.71042
5.60814
7.40956
10.2374
11.7152
12.2625
14.2495
14.8689
22.099
23.5803
23.7701
32.6663
32.7783
38.335
41.2648
68.2434
82.764
108.598
625.738
1145.38
1177.08
1635.47
1730.99
1899.43
2030.57
2065.06
2131.39
3567.77
Iteration: 46, Accuracy: 0.168481
Elapsed time: 135.818s
0.0315562
0.0711013
0.0796498
0.0812214
0.0934646
0.129021
0.152709
0.167516
0.178983
0.191641
0.199353
0.210354
0.213306
0.22867
0.236083
0.251424
0.257046
0.257988
0.288569
0.291591
0.30837
0.359166
0.369357
0.402798
0.403099
0.436837
0.46451
0.499015
0.499318
0.517342
0.5226
0.543694
0.544717
0.67097
0.696787
0.70612
0.799862
0.800431
0.800606
0.893065
0.906213
0.922258
0.947707
0.985048
1.06506
1.15083
1.19901
1.22601
1.28642
1.71572
1.82132
1.84464
1.90216
2.31
2.39926
2.45129
2.52212
2.76772
2.77966
2.7868
3.0773
3.21339
3.23244
3.3613
3.72776
3.78655
3.78813
3.91216
4.21465
4.2663
4.38033
4.38192
4.71678
4.76867
5.34698
7.25117
8.25569
8.37375
9.60101
11.1351
14.4002
14.719
22.3986
31.5941
35.9608
43.6833
49.1892
79.8868
104.768
105.734
637.505
1142.83
1179.62
1652.58
1734.87
1909.13
2033.18
2079.34
2145.07
3586.63
Iteration: 47, Accuracy: 0.168559
Elapsed time: 137.699s
0.00256386
0.0572298
0.058673
0.0624246
0.0847135
0.160556
0.164561
0.166622
0.167046
0.177636
0.194178
0.197037
0.234431
0.240488
0.241183
0.278335
0.285411
0.302007
0.311445
0.371647
0.388413
0.472841
0.502324
0.503257
0.541445
0.617128
0.625506
0.73664
0.767507
0.808194
0.909227
0.950731
0.9559
0.964389
0.984424
0.99292
1.15342
1.24108
1.25637
1.47552
1.5301
1.60505
1.64275
1.80134
1.86602
1.94231
2.16785
2.27084
2.33919
2.36682
2.5342
2.62041
2.78799
2.82612
3.14359
3.30623
3.31001
3.3554
3.37733
3.39481
3.87753
4.38603
4.94344
4.98611
5.2203
5.325
5.55663
5.73731
5.73764
5.83922
5.92019
6.45329
6.48725
6.71058
8.18924
8.47754
10.7559
11.6339
12.0216
13.0358
16.1999
18.5854
28.4733
30.3628
44.9874
47.9179
49.9063
78.6817
127.399
140.545
648.336
1146.71
1177.29
1662.45
1734.66
1909.72
2033.01
2077.29
2143.01
3587.31
Iteration: 48, Accuracy: 0.16846
Elapsed time: 139.774s
0.0397389
0.046712
0.0887681
0.0930864
0.105628
0.109949
0.151658
0.15325
0.184694
0.233294
0.281553
0.297713
0.319754
0.326624
0.400689
0.414144
0.416844
0.464263
0.509277
0.514586
0.524627
0.59946
0.605165
0.627109
0.647725
0.662717
0.695437
0.697796
0.701152
0.704003
0.704982
0.727142
0.739857
0.752214
0.791756
0.806189
0.812025
0.876302
0.896343
0.991612
1.0002
1.00505
1.04568
1.20013
1.60475
1.76856
1.95445
2.02071
2.21024
2.36194
2.37036
2.86656
3.21716
3.45361
3.7271
3.89245
4.16353
4.35736
4.57854
4.6323
5.16089
5.41135
5.96416
6.57352
6.62707
6.88042
7.06129
7.50169
7.51712
7.59329
8.06168
8.38893
8.72215
8.79105
9.71038
9.71189
9.99531
10.5845
11.9766
17.9423
18.4475
21.021
25.0706
33.6142
37.3319
49.4978
54.074
89.1889
154.076
160.443
656.003
1154.33
1175.24
1679.6
1732.19
1918.36
2027.06
2078.53
2137.51
3590.41
Iteration: 49, Accuracy: 0.168501
Elapsed time: 136.306s
0.00281527
0.00760441
0.0444843
0.0669037
0.11033
0.139091
0.196846
0.202279
0.227485
0.276565
0.285374
0.292236
0.292604
0.308123
0.317275
0.325123
0.341445
0.351145
0.369282
0.370296
0.404636
0.432822
0.446544
0.477346
0.517435
0.537847
0.569469
0.720395
0.887592
0.894416
0.91568
0.926217
0.951514
1.05897
1.0591
1.09872
1.15834
1.22451
1.45808
1.4822
1.48879
1.49565
1.49951
1.77495
1.87082
2.0068
2.16216
2.20873
2.22109
2.25123
2.28054
2.38822
2.40567
2.50927
2.59773
2.59824
2.83391
2.96264
3.10162
3.12239
3.29534
3.42762
3.73996
3.9098
4.11521
5.26601
5.36338
5.48007
5.58207
5.66366
6.76029
6.76087
7.18608
7.2927
7.48497
8.43088
8.68792
12.6719
13.7113
16.3954
18.256
18.2977
26.0369
33.4083
39.2054
40.281
53.1052
96.5854
169.111
180.672
668.371
1148.3
1174.45
1674.77
1725.92
1915.81
2027.01
2067.75
2134.3
3577.15
Iteration: 50, Accuracy: 0.168551
Elapsed time: 137.076s
0.00479732
0.0112077
0.0282334
0.0289202
0.0302181
0.0497115
0.0508994
0.0591316
0.0600598
0.0711045
0.152416
0.155206
0.184483
0.190185
0.195197
0.227854
0.234666
0.241258
0.257251
0.271546
0.292306
0.312053
0.351102
0.363812
0.39432
0.430128
0.447555
0.46517
0.481148
0.490371
0.666443
0.720143
0.722534
0.730565
0.978527
0.993765
1.08061
1.10318
1.24902
1.26484
1.33555
1.60142
1.61672
1.65529
1.67686
1.6837
1.70139
1.92205
2.60021
2.60592
2.8144
2.91063
3.0427
3.06974
3.25807
3.3141
3.37583
3.41656
3.63999
3.84394
4.06439
4.24133
4.7417
4.88139
5.30439
5.51527
6.68217
7.19774
7.80213
8.23965
8.7003
9.14794
9.50095
10.029
14.4869
14.4898
15.106
16.2693
16.2941
17.3713
19.4641
23.4448
29.974
38.5739
39.9144
49.4101
60.0198
112.479
187.7
220.515
667.246
1138.7
1170.6
1681.11
1734.62
1912.6
2032.4
2060.05
2141.29
3586.01
Iteration: 51, Accuracy: 0.168444
Elapsed time: 137.015s
0.00279215
0.00605381
0.0129506
0.02242
0.0246755
0.036268
0.0383968
0.052257
0.0655921
0.0664187
0.0915995
0.107082
0.115894
0.213096
0.227364
0.244411
0.263422
0.297014
0.298165
0.313629
0.322145
0.369251
0.401612
0.417309
0.493963
0.633763
0.744174
0.773183
0.798275
0.867184
0.894381
0.94854
1.04113
1.09963
1.14654
1.24978
1.29158
1.37101
1.39936
1.41876
1.49217
1.5801
1.70028
1.89833
2.07538
2.13101
2.22748
2.34856
2.50332
2.54819
2.68274
2.71619
3.02658
3.32484
3.3914
3.50876
3.56934
3.77858
3.79304
3.93071
4.4848
4.56307
4.60608
4.89795
5.79065
7.05958
7.98084
8.0736
8.29373
9.98082
10.1334
11.1985
11.7277
11.8642
11.9149
12.5666
12.7204
19.3292
23.2104
23.7501
24.2154
24.4169
27.0512
33.13
34.3196
41.6927
65.7759
126.327
206.768
256.552
684.016
1130.98
1172.73
1677.64
1740.58
1919.23
2045.02
2068.19
2135.21
3594.89
Iteration: 52, Accuracy: 0.168459
Elapsed time: 138.177s
0.0132894
0.0175815
0.0228324
0.0879092
0.0968235
0.119227
0.166006
0.1975
0.205498
0.209153
0.264638
0.269416
0.309026
0.341344
0.365395
0.403154
0.431941
0.453513
0.454348
0.493748
0.510764
0.524995
0.675903
0.704627
0.704749
0.733035
0.75955
0.761353
0.776825
0.882625
0.889155
1.16732
1.17591
1.18487
1.18808
1.28987
1.30296
1.35627
1.53378
1.58312
1.62747
1.64856
1.65796
1.70256
1.84285
2.00861
2.12241
2.27713
2.27797
2.74786
2.78691
3.00028
3.00038
3.09521
3.27161
3.46284
3.60109
3.82329
3.8438
4.02071
4.06786
4.07063
4.18266
4.52724
5.11801
7.03156
7.28901
7.39711
7.69957
7.80969
8.05298
8.94891
9.02487
9.07395
9.20219
12.1924
16.1215
18.3693
19.1833
21.48
24.1003
24.71
25.4999
27.8272
45.8583
47.9695
62.7514
145.372
228.542
308.202
680.923
1127.59
1166.62
1671.27
1741.55
1932.76
2049.27
2078.28
2128.73
3600.89
Iteration: 53, Accuracy: 0.168544
Elapsed time: 146.231s
0.0061918
0.00644034
0.0203856
0.0225187
0.0853499
0.120126
0.147056
0.151884
0.170007
0.199323
0.208645
0.222671
0.277083
0.277277
0.30574
0.331101
0.34626
0.368202
0.385763
0.415195
0.423441
0.44446
0.477917
0.478894
0.53347
0.55994
0.563647
0.58217
0.711013
0.738573
0.78091
0.796127
0.821076
0.841463
0.887354
1.00582
1.05197
1.09737
1.11202
1.15427
1.18449
1.23464
1.27805
1.36433
1.38655
1.45066
1.582
1.67772
1.69788
1.70224
2.16828
2.22405
2.22583
2.2662
2.37246
2.42993
3.20034
3.29999
3.57968
3.7338
3.96555
4.31576
4.89674
5.01458
5.39097
5.62996
5.69474
5.87163
5.94668
6.55362
6.69387
7.2015
7.35322
7.48365
8.51067
10.0681
13.568
17.0408
17.6236
19.2589
19.4737
21.4059
28.429
38.7329
43.3315
47.5525
65.6913
174.15
246.087
334.001
681.615
1111.92
1169.41
1673.58
1735.98
1924.38
2044.02
2085.74
2133.27
3604.93
Iteration: 54, Accuracy: 0.168459
Elapsed time: 135.515s
0.00734288
0.0367979
0.0428774
0.0436025
0.100061
0.112589
0.131191
0.142756
0.180457
0.199801
0.215947
0.245049
0.271178
0.286409
0.318704
0.334731
0.342138
0.373639
0.382234
0.386552
0.411769
0.464763
0.492345
0.498621
0.516166
0.549397
0.629543
0.632537
0.657202
0.6646
0.711058
0.766424
0.786746
0.810836
0.815084
0.825128
0.898635
0.925652
0.932236
0.947766
0.981084
1.02225
1.07164
1.11202
1.11244
1.20451
1.27656
1.30199
1.34815
1.45417
1.52537
1.56087
1.59215
1.667
1.69612
1.889
2.25319
2.28759
2.29118
2.59768
3.08636
3.28291
3.31716
3.35257
3.58472
3.78334
4.11341
4.4713
4.74719
4.79606
7.95194
10.6863
11.3322
11.3584
13.1989
14.7861
16.9948
17.3438
18.3634
20.1825
23.3299
24.8709
30.7214
43.7642
44.0976
55.9633
61.3703
193.593
276.214
381.676
688.11
1112.82
1180.16
1674.05
1745.6
1918.12
2040.01
2098.56
2138.68
3593.07
Iteration: 55, Accuracy: 0.168408
Elapsed time: 137.669s
0.0116472
0.0134856
0.0145237
0.0237208
0.0608403
0.0892262
0.104096
0.104965
0.111228
0.171421
0.194164
0.270681
0.282691
0.314527
0.316352
0.325169
0.344307
0.347675
0.405737
0.43442
0.434932
0.452844
0.462713
0.472253
0.481788
0.483045
0.493569
0.500021
0.526028
0.54456
0.59512
0.682044
0.742297
0.843861
0.915314
0.922331
0.927319
0.943693
0.966203
1.06397
1.11359
1.16469
1.19289
1.21082
1.28611
1.44617
1.48228
1.73197
2.15497
2.21408
2.27525
2.57457
2.75791
2.77259
2.90198
3.19623
3.35193
3.37366
3.39513
3.39785
3.58801
3.60607
3.71612
4.1194
4.85465
5.58444
7.17774
7.43734
7.70969
7.71397
8.20943
8.22602
9.07673
9.44538
15.0438
19.1102
20.7838
21.4176
22.5003
25.14
25.2382
31.8201
33.737
47.5242
56.1093
60.6835
67.8949
211.825
300.855
430.025
693.171
1110.82
1167.91
1682.03
1751.01
1904.25
2044.43
2097.26
2145.48
3599.6
Iteration: 56, Accuracy: 0.168588
Elapsed time: 137.643s
0.00621295
0.0215777
0.0511062
0.0796682
0.0803429
0.0862365
0.0909846
0.0997285
0.112221
0.117877
0.13697
0.159901
0.183129
0.205711
0.210209
0.230632
0.304749
0.316524
0.365686
0.390935
0.472977
0.479794
0.516731
0.519737
0.528857
0.556311
0.594916
0.672811
0.693691
0.782123
0.79443
0.798165
0.828146
0.868807
0.922973
0.946814
1.19787
1.23212
1.48699
1.49422
1.56941
1.59897
1.64415
1.89571
1.91639
1.91841
1.99254
2.19094
2.24242
2.24396
2.25813
2.52796
2.54258
2.58192
2.62103
2.7696
2.81087
2.84494
3.41994
3.7948
4.02533
4.16505
4.8052
5.07676
6.26539
8.04036
9.28984
9.39726
9.46141
10.4966
10.9675
11.3454
11.9578
12.7791
12.8394
13.845
19.0965
21.6048
22.0933
22.9963
24.2653
24.2811
35.6803
46.3025
52.3764
56.8404
67.7621
244.375
339.541
455.112
692.715
1118.36
1162.81
1684.18
1743.9
1904.03
2039.64
2113.11
2140.97
3607.25
Iteration: 57, Accuracy: 0.1685
Elapsed time: 120.812s
0.00591599
0.040138
0.0539626
0.0820359
0.0897292
0.120396
0.135401
0.146266
0.170572
0.191174
0.221232
0.27429
0.283013
0.291425
0.298877
0.354636
0.362507
0.418469
0.42772
0.435495
0.539884
0.561973
0.573472
0.588876
0.624804
0.677155
0.693082
0.735185
0.780954
0.785574
0.794898
0.827506
0.933054
0.941237
0.999363
1.0376
1.09622
1.37379
1.53014
1.59287
1.60855
1.61026
1.79608
1.98351
2.0567
2.05882
2.16049
2.57285
2.61318
2.78423
3.18005
3.19283
3.49911
3.57988
3.79022
4.08122
4.22637
4.44496
4.49228
4.83457
5.11878
5.36809
5.96155
6.21437
7.67124
7.76679
7.95149
8.78431
9.12926
9.94763
10.3778
10.6019
11.6426
12.6108
12.9246
14.8462
16.6029
17.4354
20.9729
26.8466
27.4944
27.811
36.5141
46.3651
50.2233
52.4314
77.5133
265.63
357.641
489.626
699.829
1131.18
1154.04
1686.61
1746.48
1897.71
2040.87
2111.95
2139.82
3609.22
Iteration: 58, Accuracy: 0.168603
Elapsed time: 118.506s
0.0064322
0.0153075
0.0315264
0.0348398
0.037403
0.0436806
0.0472738
0.0637396
0.0757558
0.108513
0.112342
0.112851
0.118724
0.144344
0.164809
0.164827
0.18125
0.19457
0.227201
0.259133
0.260773
0.27043
0.281172
0.29137
0.2978
0.309897
0.311757
0.404604
0.451199
0.52782
0.606943
0.614718
0.670229
0.681256
0.685223
0.860712
0.892874
0.906042
0.942824
1.03405
1.17998
1.26964
1.45644
1.45651
1.46698
1.54905
2.02323
2.04873
2.06036
2.23079
2.71931
3.00469
3.04251
3.17138
3.1801
3.31879
3.51705
3.71517
3.86752
3.87016
4.43711
5.47588
5.63158
5.92254
6.50867
6.64569
6.84019
7.46581
8.44802
8.75238
10.0568
10.4324
14.8452
15.9419
16.8304
17.6722
18.4297
18.9314
19.8073
20.2563
25.6308
27.0199
30.4295
49.8273
54.2268
58.4855
90.0003
291.629
377.222
493.129
704.982
1132.03
1165.99
1690.61
1749.25
1891.08
2037.96
2104.57
2138.13
3603.87
Iteration: 59, Accuracy: 0.168781
Elapsed time: 118.646s
