0.00233077
0.00611648
0.0195393
0.0645972
0.0792116
0.088227
0.103527
0.145804
0.16164
0.19788
0.223635
0.235058
0.26329
0.269325
0.277339
0.282027
0.283696
0.332216
0.3383
0.34218
0.353189
0.399823
0.401679
0.419093
0.447367
0.613361
0.622462
0.726235
1.15735
1.56924
2.70102
9.29341
42.4245
81.9913
126.96
132.161
176.717
180.044
531.384
1193.74
Iteration: 0, Accuracy: 0.217037
Elapsed time: 31.806s
0.0636529
0.14738
0.158101
0.165774
0.219935
0.248932
0.324615
0.339066
0.351394
0.361986
0.384897
0.584143
0.606581
0.609747
0.712106
0.882155
0.990741
1.00376
1.02456
1.08663
1.1668
1.3206
1.87084
1.90702
1.91008
1.92647
2.01058
2.69896
2.84956
4.30659
4.51243
5.20331
110.31
295.018
433.117
464.809
511.651
587.006
1333.06
2321.24
Iteration: 1, Accuracy: 0.198132
Elapsed time: 32.033s
0.0244804
0.0890643
0.116482
0.157729
0.190112
0.195784
0.248958
0.259055
0.361306
0.393671
0.438432
0.510109
0.569392
0.633136
0.672444
0.785823
0.880659
1.01043
1.0116
1.25733
1.37049
1.41528
1.53638
1.56101
1.58082
1.89753
2.0205
2.06929
2.30251
2.48491
2.97501
3.12723
144.752
488.615
604.93
622.323
687.657
765.623
1632.9
2580.63
Iteration: 2, Accuracy: 0.191015
Elapsed time: 31.697s
1.76174e-005
0.0545264
0.12803
0.194465
0.240803
0.267886
0.282198
0.300585
0.306371
0.362493
0.365053
0.470419
0.589794
0.600242
0.675951
0.774458
0.826916
0.837625
0.891043
0.932196
1.03816
1.04736
1.1106
1.27012
1.38573
1.43594
1.62444
1.75706
2.33078
2.41759
3.47005
3.5935
213.917
686.149
757.789
839.926
873.709
887.693
1793.98
2742.32
Iteration: 3, Accuracy: 0.185813
Elapsed time: 30.945s
0.0454288
0.0702866
0.10868
0.195273
0.220295
0.248879
0.375139
0.382536
0.436377
0.572911
0.595404
0.635921
0.647377
0.921138
1.03175
1.0405
1.13195
1.14456
1.19873
1.31041
1.31183
1.42075
1.53881
1.61742
1.63179
1.80156
1.96538
2.25325
2.32637
2.93305
2.99293
3.73501
338.623
733.57
1026.37
1077.66
1102.59
1104.38
1948.86
2896.88
Iteration: 4, Accuracy: 0.181005
Elapsed time: 31.025s
0.0149586
0.031381
0.0593042
0.0603166
0.0912894
0.0935479
0.123313
0.143004
0.238982
0.267851
0.277746
0.337293
0.466135
0.490356
0.605406
0.642651
0.70995
1.07347
1.17744
1.19696
1.3629
1.39392
1.68297
2.27144
2.60853
3.29937
3.4371
3.48791
4.19799
4.96809
5.43772
6.30872
452.903
813.392
1186.07
1228.41
1235.92
1248.92
2054
2988.06
Iteration: 5, Accuracy: 0.178044
Elapsed time: 30.966s
0.0208168
0.0296928
0.0346894
0.0830664
0.0988154
0.234382
0.242077
0.31898
0.360057
0.531654
0.618651
0.643092
0.702934
0.731153
0.780113
0.834561
0.857
0.941714
0.971682
1.26275
1.47947
1.513
1.55435
1.64318
1.64676
2.03796
2.04467
2.18309
3.99315
10.0513
10.7894
10.8977
566.921
874.598
1289.79
1320.31
1346.67
1349
2136.28
3030.81
Iteration: 6, Accuracy: 0.176324
Elapsed time: 31.387s
0.0346691
0.0397323
0.0831484
0.107437
0.253527
0.342833
0.35064
0.361223
0.47311
0.506893
0.852823
0.865659
0.92655
1.08257
1.08279
1.20747
1.23676
1.25921
1.47109
1.6197
1.70002
1.7046
1.82142
1.8446
2.02073
2.15674
2.99054
3.33201
3.70395
5.27325
5.36105
14.9753
691.306
962.68
1362.17
1406.01
1410.09
1437.22
2210.03
3072.84
Iteration: 7, Accuracy: 0.175056
Elapsed time: 31.165s
0.00771994
0.0120391
0.0130452
0.0957145
0.161698
0.256139
0.299246
0.358574
0.407892
0.467771
0.574857
0.776583
0.793404
0.894642
0.980568
1.328
1.36956
1.55628
1.89538
2.01133
2.09758
2.1314
2.14514
2.33012
2.41758
2.54791
2.86263
3.05384
3.08481
3.54463
6.3769
17.9852
789.11
1039.39
1430.95
1461.33
1485.76
1537.27
2277.67
3098.75
Iteration: 8, Accuracy: 0.174045
Elapsed time: 31.335s
0.0042723
0.00883913
0.00938811
0.0519683
0.115912
0.144532
0.167901
0.236162
0.28818
0.368399
0.380813
0.465626
0.505667
0.59543
0.789301
0.831885
1.00728
1.10343
1.22513
1.25109
1.25996
1.29248
1.55577
1.99381
2.44762
2.72251
3.10194
3.14799
4.46181
5.66323
7.79204
24.1748
888.689
1124.22
1494.13
1510.02
1553.15
1613.74
2331.43
3117.8
Iteration: 9, Accuracy: 0.17284
Elapsed time: 31.035s
0.0258267
0.033895
0.0420637
0.0516
0.0697966
0.12484
0.126629
0.127894
0.135742
0.178547
0.223432
0.22513
0.241588
0.42717
0.687589
1.35219
1.36855
1.39922
1.58834
1.77235
1.83486
2.10913
2.36947
2.40394
2.59779
3.19447
4.99257
6.31042
8.01157
8.76078
15.7968
42.3523
969.11
1202.5
1555.13
1570.22
1612.64
1681.17
2395.7
3145.05
Iteration: 10, Accuracy: 0.172012
Elapsed time: 31.236s
0.000559201
0.0182104
0.0386459
0.104553
0.146152
0.176481
0.326744
0.407326
0.421306
0.495053
0.569328
0.57477
0.636722
0.638899
0.7419
0.772177
0.867159
0.941265
0.988308
1.08962
1.4961
1.71881
2.29402
2.78927
3.13505
3.38724
4.28605
4.75892
5.22478
5.45471
9.35646
46.0395
1037.89
1273.73
1610.81
1612.36
1654.57
1738.77
2425.07
3157.91
Iteration: 11, Accuracy: 0.171244
Elapsed time: 31.843s
0.0176799
0.0973118
0.133965
0.15837
0.167127
0.222518
0.231408
0.246184
0.346564
0.365296
0.36767
0.676032
0.769049
0.83046
0.863977
1.12274
1.13171
1.24564
1.30184
1.49225
1.57726
1.95893
2.21836
3.51672
3.93199
4.10451
4.3298
4.39678
5.34456
5.94807
7.02225
41.9669
1101.06
1323.9
1640.71
1650.88
1691.13
1767.91
2455.03
3190.88
Iteration: 12, Accuracy: 0.170493
Elapsed time: 32.31s
0.00173404
0.0143463
0.0363119
0.0378868
0.065655
0.147255
0.180279
0.191806
0.213127
0.254395
0.282056
0.293295
0.360694
0.458735
0.525118
0.788711
0.958414
1.12815
1.50636
1.63551
2.37096
2.37454
3.01108
3.08278
3.41329
4.80217
5.00004
5.16138
7.49733
12.9702
16.136
39.9873
1141.22
1376.11
1675.34
1676.86
1713.64
1811.97
2481.56
3212.79
Iteration: 13, Accuracy: 0.170295
Elapsed time: 31.746s
0.00174504
0.0151239
0.0596469
0.130254
0.172222
0.222644
0.223428
0.27423
0.277575
0.381848
0.409701
0.412911
0.42105
0.562619
0.725584
0.754558
0.815753
0.820361
0.923421
1.02371
1.14191
1.71094
1.81069
1.85485
2.55618
3.2074
3.36248
3.42792
3.97708
6.23329
16.1636
37.521
1177.08
1420.6
1697.47
1707.97
1749.15
1834.76
2496.62
3241.78
Iteration: 14, Accuracy: 0.170193
Elapsed time: 33.711s
0.00961677
0.0174677
0.0420875
0.245057
0.303498
0.428808
0.433655
0.526251
0.596681
0.632743
0.639955
0.74533
0.762664
0.955982
1.23964
1.37449
1.41928
1.4589
1.61336
1.67452
1.77049
1.86525
2.16624
2.2247
2.61918
2.67797
3.19168
3.51159
4.1691
4.51597
4.63434
40.7519
1214.07
1468.88
1722.23
1736.68
1768.94
1856.84
2506.59
3255.22
Iteration: 15, Accuracy: 0.169691
Elapsed time: 35.6s
0.0165809
0.0202452
0.0236189
0.0250419
0.0392173
0.148434
0.169377
0.449445
0.457175
0.615904
0.642534
0.727785
0.75424
0.968406
1.30814
1.34796
1.40678
1.54582
1.86734
2.02149
2.14684
2.444
2.44702
2.92451
3.46353
4.18441
4.58907
8.12552
8.46504
9.01301
9.14238
41.5549
1248.09
1493.08
1747.26
1755.08
1776.87
1877.18
2540.48
3260.31
Iteration: 16, Accuracy: 0.169232
Elapsed time: 39.644s
0.0154746
0.0989406
0.117059
0.157568
0.15795
0.171958
0.188732
0.198262
0.248363
0.249476
0.363516
0.529099
0.54697
0.570225
0.779066
1.16266
1.48476
2.26568
2.36118
2.40953
2.47308
2.48266
3.226
3.58624
4.20034
4.39297
4.74623
5.42247
6.9607
8.54613
11.61
56.3833
1261.78
1527.27
1767.13
1778.22
1795.03
1885.55
2562.97
3270.52
Iteration: 17, Accuracy: 0.169057
Elapsed time: 40.36s
0.0227787
0.106556
0.281287
0.334239
0.362475
0.370571
0.417934
0.44207
0.467693
0.487916
0.730832
0.950536
1.29039
1.35795
1.3606
1.37932
1.50878
2.22229
2.39567
2.65699
2.84589
2.96345
3.48991
3.82731
4.27283
4.31111
4.68175
4.88097
5.75394
8.22173
17.126
53.8573
1280.09
1548.42
1778.57
1791.96
1806.39
1894.55
2584.25
3285.35
Iteration: 18, Accuracy: 0.169132
Elapsed time: 41.821s
0.0503561
0.0576544
0.0731466
0.100414
0.128699
0.130598
0.1404
0.1467
0.21447
0.234699
0.684226
0.715138
0.766626
0.809827
1.0939
1.40445
1.52964
1.5663
1.94847
2.70256
2.94832
3.33444
3.58499
4.06095
4.43755
6.18508
6.46149
9.95038
12.5107
13.0016
25.1866
51.2159
1304.51
1561.59
1790.46
1808.89
1810.39
1905.6
2592.73
3289.39
Iteration: 19, Accuracy: 0.169144
Elapsed time: 43.994s
0.175027
0.259633
0.328065
0.349146
0.384798
0.697199
0.740576
0.761148
0.864088
1.02257
1.23341
1.43164
1.5931
1.66862
1.66958
1.81976
1.89191
2.30148
2.58834
2.80259
4.44
6.80686
7.5969
8.39103
8.87046
9.00367
12.3493
13.5892
17.0261
19.7534
26.2904
56.3582
1321.64
1580.64
1792.85
1815.81
1830.33
1914.52
2612.15
3296.26
Iteration: 20, Accuracy: 0.16902
Elapsed time: 45.16s
0.050792
0.084043
0.114384
0.21328
0.271786
0.316175
0.414546
0.472947
0.494606
0.517118
0.539989
0.569913
0.620081
0.64765
0.732806
1.14505
1.29945
1.31407
2.74093
2.78365
3.34043
3.6465
4.09109
4.17628
4.33372
9.83556
14.2768
16.9818
19.4406
21.3478
24.5964
47.3157
1340.56
1591.24
1815.69
1828.53
1845.1
1928.12
2626.98
3324.44
Iteration: 21, Accuracy: 0.168803
Elapsed time: 46.096s
0.0415596
0.0994185
0.129382
0.144475
0.232444
0.400331
0.48981
0.513085
0.560123
0.612359
0.731492
0.862934
0.88981
1.00406
1.54833
1.64319
1.82281
1.90506
2.03486
2.29658
2.70854
3.31668
4.51867
4.67964
7.80808
9.75071
9.89354
10.4572
11.3689
19.2617
28.7243
54.4144
1338.58
1612.96
1828.76
1841.34
1860.61
1924.79
2643.03
3341.19
Iteration: 22, Accuracy: 0.168781
Elapsed time: 45.066s
0.00125146
0.0112552
0.0781619
0.105086
0.239346
0.551129
0.568264
0.673625
0.815686
0.818676
1.18939
1.24725
1.28194
1.47663
1.60833
1.76816
1.96022
2.67534
2.98705
3.26541
4.0123
5.23642
6.22151
6.26347
8.31061
9.37466
10.6267
13.1604
13.8193
19.8116
29.123
60.819
1345.85
1623.97
1834.07
1835.37
1877.8
1926.26
2658.81
3340.53
Iteration: 23, Accuracy: 0.168914
Elapsed time: 44.647s
0.0805793
0.0948577
0.149543
0.213868
0.224112
0.241408
0.26837
0.279658
0.298427
0.351159
0.364262
0.612864
0.708826
1.12886
1.17069
1.19695
1.73811
2.13785
2.14995
2.73775
3.34456
3.55706
3.63488
4.37368
4.441
4.94934
7.44532
13.328
15.9033
26.7437
39.8779
65.2933
1343.01
1632.17
1836.62
1852.17
1884.36
1924.76
2655.93
3340.3
Iteration: 24, Accuracy: 0.168862
Elapsed time: 45.517s
0.0230238
0.0258998
0.121036
0.127448
0.143216
0.208336
0.350128
0.46368
0.522016
0.610726
0.954699
0.98052
1.308
1.34459
1.43967
1.49552
1.62298
1.70476
1.81827
2.74993
3.54382
4.66295
5.39592
6.98618
7.23114
7.61223
7.69933
15.6233
19.2356
21.7811
39.4234
62.3769
1349.4
1643.78
1842.09
1847.3
1895.21
1924.57
2659.99
3342.59
Iteration: 25, Accuracy: 0.16867
Elapsed time: 44.734s
0.0132462
0.0980504
0.120959
0.185169
0.262387
0.275342
0.374916
0.40048
0.464062
0.470679
0.698428
0.77074
0.952809
1.25106
1.39057
1.50807
1.75572
1.95474
2.11587
2.24223
2.69911
3.4585
3.6919
4.40533
4.42306
5.44752
11.464
14.3316
20.4196
22.523
33.9832
79.1133
1351.66
1654.84
1853.4
1855.77
1900.48
1933.01
2663.77
3347.93
Iteration: 26, Accuracy: 0.168685
Elapsed time: 44.428s
0.123572
0.189072
0.239533
0.2852
0.349105
0.395094
0.481286
0.6169
0.686236
0.73225
0.753609
0.797381
0.998575
1.09276
1.1041
1.18363
1.75918
1.92856
2.00756
2.14975
2.18668
2.4185
3.90946
4.13941
4.58224
6.35573
6.7876
8.34704
9.75162
10.2764
29.0467
86.9409
1354.42
1673.47
1853.61
1862.25
1903.16
1926.94
2671.68
3340.5
Iteration: 27, Accuracy: 0.168628
Elapsed time: 45.586s
0.00806296
0.0373979
0.0883156
0.12575
0.132505
0.159875
0.331403
0.344761
0.355001
0.358902
0.589213
0.598753
0.705415
0.82313
0.838471
0.945289
1.00303
1.017
1.17205
1.44215
1.50991
1.65521
1.65555
2.27985
3.46106
4.61505
5.87573
8.15602
12.0724
19.4906
32.3985
118.17
1356.97
1680.21
1844.53
1871.44
1901.74
1927.59
2681.96
3347.88
Iteration: 28, Accuracy: 0.168706
Elapsed time: 45.696s
0.0138863
0.0236367
0.0322683
0.0333533
0.0572311
0.0707184
0.100981
0.234516
0.323781
0.386603
0.447033
0.451771
0.467966
0.498634
0.653613
0.954194
0.997693
1.24687
1.42609
3.36279
3.40062
4.9284
4.96927
5.41623
5.48152
6.16963
7.1968
8.30953
11.8286
29.902
33.0542
128.608
1365.01
1678.07
1845.72
1862.9
1919.88
1930.11
2695.86
3352.36
Iteration: 29, Accuracy: 0.168643
Elapsed time: 45.539s
0.0688102
0.0876757
0.0896764
0.101559
0.116433
0.153621
0.289433
0.387953
0.454521
0.536991
0.557011
0.642603
0.668963
0.904215
1.05247
1.19169
1.43221
1.43871
1.60994
1.70802
2.44547
2.68157
5.40967
5.44488
5.57254
6.10072
7.04392
7.32017
8.37182
36.1335
36.3392
151.664
1352.36
1683.58
1848.05
1878.32
1922.36
1935.41
2688.02
3353.23
Iteration: 30, Accuracy: 0.168342
Elapsed time: 46.264s
0.0371875
0.0533732
0.0902101
0.173147
0.187932
0.232906
0.290385
0.324449
0.354429
0.530409
0.677986
0.822606
0.839049
0.907962
0.980083
1.08803
1.22284
1.7788
1.99157
2.09861
2.22427
2.68117
3.09873
3.29642
5.98788
6.19122
9.17861
11.3932
11.9951
26.9089
32.3655
187.928
1348.05
1702.97
1847.96
1889.97
1919.98
1940.02
2700.35
3366.67
Iteration: 31, Accuracy: 0.168373
Elapsed time: 45.719s
0.00728384
0.0237581
0.0768811
0.147696
0.253126
0.264507
0.294115
0.363813
0.481488
1.10358
1.11271
1.12876
1.21204
1.28413
1.45625
1.60715
1.82227
1.87781
2.09332
2.40432
3.30327
3.83918
6.54639
6.74626
10.9351
11.0088
11.4397
14.6635
19.2536
21.3666
35.8611
244.663
1356.24
1706.19
1839.58
1896.01
1934.63
1942.18
2701.53
3350.25
Iteration: 32, Accuracy: 0.168614
Elapsed time: 45.399s
0.0507973
0.116746
0.227403
0.262136
0.321895
0.322017
0.43394
0.509503
1.18136
1.92152
2.09586
2.2076
2.24041
2.43541
3.60355
3.8941
3.93712
4.05371
4.48235
5.27922
6.83174
7.13425
8.39502
10.042
11.5579
12.3589
14.8641
20.2803
22.2621
23.1085
26.5986
313.57
1358.8
1716.24
1846.5
1886.67
1936.84
1951.51
2702.27
3356.63
Iteration: 33, Accuracy: 0.168564
Elapsed time: 49.002s
0.0668344
0.126744
0.261104
0.294083
0.306586
0.360386
0.377985
0.400156
0.623291
0.705479
0.875254
0.985538
1.09856
1.25677
1.57473
1.68424
1.81382
3.07758
3.1969
3.33487
3.85175
5.73866
11.2802
11.3174
12.551
15.5579
24.176
25.5472
27.6916
28.0012
32.4833
391.611
1347.45
1723.29
1854.42
1888.52
1933.63
1943.17
2699.86
3353.91
Iteration: 34, Accuracy: 0.168778
Elapsed time: 46.002s
0.000303341
0.0030854
0.0568249
0.17956
0.223459
0.272578
0.354771
0.477763
0.498138
0.506602
0.59551
0.597555
0.627924
0.656422
0.907533
1.1143
1.2517
1.77792
2.17912
2.8263
4.02907
4.64208
9.89297
11.4308
11.6894
15.951
18.2187
19.8431
19.8704
27.2711
29.7895
456.003
1345.25
1722.11
1852.17
1894.97
1936.49
1936.52
2687.69
3354.32
Iteration: 35, Accuracy: 0.168626
Elapsed time: 44.991s
0.0534787
0.133855
0.248117
0.306831
0.311597
0.490069
0.505422
0.600475
0.743883
0.915275
0.94338
1.24077
1.47821
1.88282
1.9045
1.93531
2.01174
2.11624
2.4941
2.74422
3.33566
4.06736
4.29309
6.66683
14.9817
20.13
22.4761
26.8424
29.5139
45.497
45.8921
523.365
1340.4
1720.87
1852.93
1889.51
1922.01
1925.54
2700.74
3340.92
Iteration: 36, Accuracy: 0.16844
Elapsed time: 43.611s
0.0784153
0.0829269
0.0884095
0.121121
0.162849
0.18436
0.192434
0.270463
0.300468
0.33082
0.350262
0.431905
0.519473
0.843682
1.25467
1.41497
2.06752
3.2893
3.39209
3.71316
3.85706
4.48599
5.98187
9.66374
13.7425
20.5821
24.0473
24.6725
30.4585
48.026
50.6639
584.281
1336.55
1721.94
1850.9
1893.78
1924.56
1932.24
2703.1
3340.23
Iteration: 37, Accuracy: 0.168202
Elapsed time: 45.759s
0.0419273
0.0594904
0.168214
0.205926
0.226788
0.241819
0.366929
0.400003
0.407867
0.50792
0.563228
0.675098
0.795697
0.809855
0.848613
1.50628
1.67491
1.93954
2.42144
3.08136
3.50487
4.12827
6.37303
7.98147
9.73098
21.1588
25.5023
27.2577
27.6753
38.3847
49.6971
636.774
1335.4
1724.97
1843.64
1900.36
1905.4
1924.84
2701.81
3343.27
Iteration: 38, Accuracy: 0.168436
Elapsed time: 45.339s
0.00492901
0.00927501
0.0552148
0.0904575
0.14706
0.159758
0.182535
0.543111
0.641709
0.697128
0.747781
1.12531
1.17355
1.28714
1.88682
2.09001
2.18377
2.33452
2.94602
3.01026
3.28075
3.35171
3.48768
4.48467
4.73532
15.2971
22.3882
27.8413
28.183
38.7362
57.4591
667.699
1330.76
1716.08
1835.53
1908.11
1909.4
1928.59
2687.27
3338.43
Iteration: 39, Accuracy: 0.168585
Elapsed time: 44.105s
0.0653109
0.171611
0.281051
0.327052
0.376914
0.403013
0.476345
0.510422
0.55716
0.569356
0.72524
0.926439
1.20457
1.51678
1.62422
2.05261
2.72933
2.76327
2.97433
3.67434
3.93782
4.40035
4.91008
5.4055
5.97988
15.5229
19.7429
19.991
30.2263
52.2749
56.4747
687.88
1320.86
1713.2
1833.03
1905.79
1915.14
1928.66
2678.36
3349.13
Iteration: 40, Accuracy: 0.168535
Elapsed time: 46s
0.121206
0.133518
0.183129
0.190054
0.252637
0.40747
0.581395
0.596358
0.734118
0.743628
0.817128
1.10048
1.15704
1.20007
1.42398
1.83479
1.9015
1.90647
1.96704
2.24137
2.40682
2.80945
5.13779
9.03062
10.3394
12.1122
14.7719
21.8851
27.1692
47.7928
61.2894
724.212
1328.73
1696.64
1831.84
1909.87
1919.66
1939.44
2668.44
3357.99
Iteration: 41, Accuracy: 0.168533
Elapsed time: 45.451s
0.0394262
0.199356
0.275638
0.337581
0.421903
0.465725
0.522769
0.584147
0.675701
0.706884
0.835241
0.860739
1.11524
1.1697
1.17177
1.69528
2.2237
2.9349
4.69616
4.90429
5.13113
5.82107
12.113
12.7728
14.3746
16.8881
18.6644
24.6199
32.4487
53.912
62.0836
751.988
1337.28
1695.45
1837.49
1914.2
1921.46
1942.26
2670.57
3363.19
Iteration: 42, Accuracy: 0.168364
Elapsed time: 44.607s
0.0216123
0.0904786
0.135259
0.235509
0.28927
0.32772
0.335493
0.40689
0.445363
0.533251
0.58262
0.640638
0.811877
0.825327
1.24142
1.32659
1.71638
1.81129
2.38211
2.59884
2.69446
4.04039
11.0672
13.3694
15.8241
20.9459
25.1949
26.1673
40.8289
45.7398
77.3803
770.561
1339.24
1696.11
1830.01
1911.58
1911.97
1939.62
2670.42
3359.42
Iteration: 43, Accuracy: 0.168471
Elapsed time: 45.236s
0.020704
0.0311009
0.0406192
0.178691
0.277916
0.405176
0.424728
0.663571
0.728962
0.830537
1.03934
1.13122
1.1475
1.50915
2.10277
2.39961
2.45111
2.4827
3.32664
3.79971
4.41144
4.83829
7.59646
9.59748
11.8198
13.9811
23.6265
31.3508
44.7084
51.0403
80.599
765.096
1343.08
1692.66
1829.63
1913.43
1915.68
1943.34
2677.35
3357.13
Iteration: 44, Accuracy: 0.168489
Elapsed time: 46.445s
0.0355277
0.0945733
0.229796
0.252698
0.388405
0.609524
0.618771
0.677837
1.13287
1.14869
1.27254
1.4879
1.65781
2.07251
2.50657
2.74875
2.99849
3.7575
4.12145
4.22899
6.2124
7.26916
7.3772
8.43347
11.8303
12.3657
14.8283
32.8871
41.5496
57.8463
83.9705
783.202
1334.08
1695.95
1826.13
1899.22
1921.01
1946.24
2687.2
3358.61
Iteration: 45, Accuracy: 0.168398
Elapsed time: 45.079s
0.004055
0.0357479
0.0593127
0.175879
0.267313
0.277934
0.375866
0.791933
1.06854
1.17574
1.87148
1.87275
2.12767
2.48692
2.72292
2.74247
3.03585
3.19392
3.20323
4.13341
4.39692
6.99545
8.34142
10.5264
11.0674
21.5841
30.1267
32.2909
38.9427
58.2229
96.3276
782.543
1339.08
1695.31
1826.54
1894.52
1921.43
1953.16
2687.61
3352.88
Iteration: 46, Accuracy: 0.168389
Elapsed time: 44.364s
0.0176949
0.0258791
0.116775
0.178147
0.207189
0.443231
0.454982
0.505916
0.510706
0.593283
0.617168
0.674208
1.08947
1.11513
1.76561
2.11402
2.27155
2.43635
2.43863
2.91349
3.75977
4.56866
5.352
10.3264
17.7807
18.7576
34.7747
35.4479
45.2052
64.9036
107.19
793.223
1338.52
1697.31
1819.25
1886.74
1927.89
1968.45
2692.2
3359.11
Iteration: 47, Accuracy: 0.168447
Elapsed time: 46.554s
0.0205427
0.258871
0.29915
0.484143
0.487949
0.523594
0.553467
0.668951
0.704332
0.72881
0.790906
0.827938
0.948809
1.42476
1.7804
2.06276
2.06591
2.37557
2.53792
4.7515
5.46694
7.55897
7.70604
9.20745
12.612
14.3837
38.1469
40.1115
56.2784
89.5733
128.506
797.452
1341.6
1691.16
1822.63
1890.83
1933.72
1965.86
2698.46
3349.44
Iteration: 48, Accuracy: 0.16842
Elapsed time: 45.477s
0.0292999
0.129059
0.225219
0.293335
0.421604
0.460852
0.652166
0.684047
0.711707
0.818397
1.10818
1.23141
1.89543
2.12634
2.78343
3.07553
4.72636
5.43922
5.51513
8.23491
9.25827
9.59385
12.2503
13.5066
15.4924
18.6551
26.09
35.1564
50.1791
88.2736
148.465
795.25
1334.05
1692.4
1806.46
1886.66
1940.69
1961.4
2709.05
3354.05
Iteration: 49, Accuracy: 0.168296
Elapsed time: 44.015s
0.0881503
0.117009
0.127067
0.701817
0.802758
0.804127
0.888634
1.00977
1.64053
1.75906
2.00948
2.11152
2.11966
2.42747
3.19059
3.22157
3.49417
3.62325
4.69365
5.03336
7.92969
8.7798
8.86882
11.8514
13.0396
21.5764
25.7979
34.9901
53.4537
94.5384
164.177
800.254
1331.89
1689.81
1807.1
1890.27
1945.77
1966.49
2723.47
3359.24
Iteration: 50, Accuracy: 0.168197
Elapsed time: 45.829s
0.00204843
0.0171353
0.114998
0.237628
0.327563
0.39911
0.476683
0.494047
1.01911
1.37376
1.80391
1.81584
2.19283
2.2173
2.91806
3.54302
4.41932
5.28989
5.79777
7.26576
7.9957
8.00293
8.08459
8.80142
10.2429
10.7057
30.7499
32.4855
53.9383
103.854
181.965
802.178
1332.84
1697.64
1799.02
1897.34
1941.59
1970.15
2727.09
3352.99
Iteration: 51, Accuracy: 0.168274
Elapsed time: 45.348s
0.00111192
0.111983
0.127425
0.162509
0.354796
0.39617
0.499086
1.20474
1.2807
1.31873
1.74941
1.94902
2.10791
2.25711
2.3914
3.17381
3.2274
4.2864
5.91934
6.00234
6.48834
6.55309
7.12287
8.38774
13.0292
13.9446
29.4126
36.1501
59.0224
103.248
208.485
805.541
1331.02
1698.71
1805.04
1892.91
1939.54
1971.31
2726.86
3364.37
Iteration: 52, Accuracy: 0.168464
Elapsed time: 44.122s
0.0397394
0.0397596
0.0992267
0.104999
0.19026
0.324532
0.471141
0.512977
0.698023
0.739322
0.774684
0.851791
0.869149
1.10532
1.18185
1.41241
1.44977
1.80642
4.34491
4.52003
5.57968
6.62192
7.61969
10.5901
15.0935
18.3851
27.4357
35.9658
69.29
119.009
236.404
802.771
1326.38
1688.08
1817.33
1888.8
1933.62
1963
2737.56
3359.41
Iteration: 53, Accuracy: 0.168499
Elapsed time: 45.143s
0.0701054
0.238636
0.241401
0.357177
0.445254
0.51905
0.550454
0.587617
0.643798
0.84524
0.869684
0.96702
1.13014
1.26097
1.49168
1.85909
1.96399
2.97241
3.03777
3.11907
6.70899
8.34117
10.5604
10.7501
11.6203
18.5085
33.0318
38.8384
80.6343
134.223
258.646
802.736
1319.33
1702.77
1818.42
1888.88
1945.28
1950.72
2730.46
3362.25
Iteration: 54, Accuracy: 0.168387
Elapsed time: 45.436s
0.0158521
0.0938684
0.233805
0.286864
0.369299
0.480025
0.550952
0.622543
0.929304
1.12592
1.38422
1.84856
2.03974
2.03989
2.33048
2.91359
3.11615
3.17475
3.63364
7.27095
7.90575
8.23639
11.4046
13.0456
15.3242
20.3731
27.3644
45.1148
96.521
164.114
302.553
806.912
1308.01
1701.94
1817.7
1885.76
1957.85
1959.72
2735.49
3363.07
Iteration: 55, Accuracy: 0.168232
Elapsed time: 44.276s
0.0642227
0.0828874
0.0958469
0.160702
0.278864
0.419168
0.614856
0.656344
0.839225
0.844103
1.05475
1.532
1.59664
2.17377
2.81104
3.14262
3.32086
4.22751
4.46621
4.99591
6.80974
7.92443
13.4786
15.1134
18.1912
20.5975
30.4055
48.6584
102.058
194.212
332.214
800.062
1306.87
1698.98
1807.53
1877.11
1963.86
1968.08
2721.27
3372.63
Iteration: 56, Accuracy: 0.168244
Elapsed time: 44.989s
0.00939012
0.117091
0.15149
0.239947
0.240805
0.616409
1.02557
1.02649
1.04198
1.24569
1.55734
1.69977
1.9953
2.23549
2.24642
2.64076
2.84762
3.4206
3.70005
6.79328
7.02058
7.05698
8.07937
12.3804
15.1725
17.9642
30.1057
46.2014
106.444
217.868
379.671
802.156
1312.5
1681.85
1800.98
1875.69
1960.46
1978.41
2729.21
3376.64
Iteration: 57, Accuracy: 0.168075
Elapsed time: 45.587s
0.324649
0.329528
0.345495
0.553421
0.692033
0.713995
0.756784
0.913511
1.08891
1.71663
1.74145
2.17707
2.22105
2.29681
2.33096
2.49154
3.20789
3.3431
3.56666
4.65259
6.27174
6.35466
8.22688
10.6474
12.6606
14.1456
24.3523
55.2658
116.499
263.076
437.382
815.818
1318.53
1688.16
1808.94
1872.67
1971.95
1972.36
2732.05
3384.48
Iteration: 58, Accuracy: 0.168347
Elapsed time: 44.636s
0.00736531
0.0252918
0.097598
0.140895
0.164008
0.566469
0.606284
0.615992
0.730176
0.759648
0.886786
1.15153
1.27401
1.51864
2.98602
3.20031
3.98016
4.40741
4.59151
5.77657
6.55819
7.16179
7.77564
10.1556
11.8383
16.4733
22.2198
68.0112
127.646
310.464
458.018
816.832
1320.51
1686.06
1807.6
1868
1974.31
1974.35
2743.25
3385.83
Iteration: 59, Accuracy: 0.168357
Elapsed time: 44.423s
0.0455871
0.119781
0.228952
0.24509
0.276065
0.373911
0.409674
0.561777
0.744247
0.820838
0.989814
1.05258
1.07045
1.48528
1.5481
1.819
2.32372
2.6148
2.74662
4.17693
7.3779
8.09982
8.44992
11.2997
15.5285
17.6748
19.7547
65.9999
150.482
344.778
491.585
812.808
1324.49
1679.55
1812.66
1870.15
1972.44
1973.17
2737.17
3386.69
Iteration: 60, Accuracy: 0.168586
Elapsed time: 45.724s
0.0152634
0.131527
0.137346
0.259255
0.347685
0.376756
0.499799
0.526385
0.772557
0.833561
0.996757
1.14754
1.37911
2.08229
2.21905
2.39262
2.64032
2.65782
2.94957
3.4805
4.98329
7.24025
9.05049
9.37324
11.2892
11.3796
21.2465
62.9589
171.087
387.892
518.981
821.22
1332.13
1678.05
1808.48
1877.88
1961.26
1972.61
2725.66
3380.02
Iteration: 61, Accuracy: 0.168565
Elapsed time: 45.214s
0.369951
0.502553
0.520103
0.702498
1.08805
1.12956
1.24585
1.33688
1.34132
1.35414
1.77318
1.9071
1.97745
2.09659
2.17012
2.18358
2.41645
3.16943
4.18271
4.28347
4.89268
7.52681
8.12561
9.34993
13.06
15.3796
36.1157
82.5363
192.095
420.128
544.064
817.656
1338.71
1663.69
1813.2
1879.13
1954.21
1980.07
2730.03
3381.83
Iteration: 62, Accuracy: 0.168405
Elapsed time: 45.079s
0.0600568
0.0770632
0.194435
0.505304
0.524996
0.69743
0.72697
1.16682
1.23818
1.72768
1.96646
2.08144
2.1875
2.23208
2.44582
2.58035
3.18424
3.33748
3.73957
4.26197
5.16593
8.82778
11.4527
11.5788
12.2521
15.5334
48.6753
93.3894
217.77
444.844
558.972
826.613
1329.44
1662.93
1808.67
1866
1949.38
1990.74
2737.7
3372.14
Iteration: 63, Accuracy: 0.168699
Elapsed time: 45.189s
0.00849677
0.00971023
0.0251888
0.147171
0.219268
0.316243
0.414768
0.731444
0.958567
1.03478
2.41775
2.99594
3.08844
4.13143
4.43339
4.64604
5.27275
5.33855
5.44457
6.71402
6.74268
7.42873
8.36351
9.35883
10.706
11.1587
40.3118
103.622
253.707
471.869
575.214
817.461
1330.4
1669
1816.93
1862.7
1939
1975.29
2733.98
3379.62
Iteration: 64, Accuracy: 0.168564
Elapsed time: 45.385s
0.0106701
0.0705652
0.228606
0.269791
0.284162
0.322779
0.339204
0.773326
0.803371
0.873526
0.918428
0.945395
0.980599
1.68005
4.16253
4.78846
4.90514
5.17601
5.4353
6.45078
6.70797
7.49199
7.5464
9.31246
12.6129
13.9787
38.9773
119.156
288.367
491.342
584.726
823.583
1324.23
1664.07
1803.98
1858.49
1942.41
1958.57
2736.77
3380.85
Iteration: 65, Accuracy: 0.168594
Elapsed time: 44.578s
0.0198757
0.200938
0.250601
0.295495
0.700241
0.835281
1.00432
1.23927
1.27746
1.67123
1.98281
2.28199
2.3167
2.38151
2.41184
3.07295
6.56136
6.57682
6.72134
6.79795
7.20669
7.38585
7.95642
15.0946
20.2969
21.4672
49.5136
119.313
321.275
516.133
587.43
834.077
1323.46
1674.05
1803.98
1860.49
1952.06
1956.63
2744.75
3373.01
Iteration: 66, Accuracy: 0.16872
Elapsed time: 45.078s
0.0462481
0.1754
0.241249
0.259977
0.393553
0.426477
0.501637
0.565892
0.823713
1.14509
1.33113
1.76208
1.77022
1.86192
2.63226
4.53025
5.78844
6.15739
6.47167
6.90469
7.44381
10.813
11.8544
11.9802
13.8934
16.6936
56.6473
121.425
356.829
525.92
607.092
827.019
1311.76
1675.37
1810.72
1857.61
1954.82
1960.34
2745.74
3361.67
Iteration: 67, Accuracy: 0.168648
Elapsed time: 47.007s
0.18249
0.31796
0.453732
0.463582
0.464043
0.468021
0.762722
0.909304
1.23447
1.2703
1.77496
1.79201
1.85641
1.97655
2.1921
2.24586
2.86297
3.41447
6.89886
7.07612
7.26198
8.21662
11.5222
13.0174
16.3701
17.7118
67.7664
147.576
388.256
542.618
607.197
829.823
1312.22
1671.96
1811.81
1869.06
1954.01
1965.89
2753.5
3351.16
Iteration: 68, Accuracy: 0.168695
Elapsed time: 45.405s
0.0138792
0.019955
0.0694911
0.0837786
0.0961993
0.106247
0.151189
0.202032
0.262614
0.466506
0.733591
0.86192
0.896942
1.14698
1.21497
1.2201
1.26678
1.48604
1.75498
3.87347
4.96146
5.3922
13.9088
14.6941
16.4755
19.1375
73.1168
159.945
421.849
543.904
609.344
824.067
1317.3
1670.76
1804.61
1866.12
1958.55
1971.81
2758.59
3339.68
Iteration: 69, Accuracy: 0.168825
Elapsed time: 45.137s
0.015535
0.116411
0.129184
0.197165
0.205818
0.343899
0.354888
0.358546
0.413178
0.478851
0.532074
0.578103
0.899635
1.11303
1.1191
1.36377
1.6916
1.95246
2.8446
3.07169
3.55252
3.69459
8.45468
13.105
14.2738
18.2902
69.7227
170.303
448.152
544.346
599.272
828.151
1311.76
1683.1
1811.35
1864.4
1968.6
1971.36
2749.76
3340.62
Iteration: 70, Accuracy: 0.168546
Elapsed time: 44.897s
0.0228663
0.0437722
0.140633
0.17403
0.248371
0.295871
0.513496
0.594232
0.774713
0.7983
0.849502
0.894466
1.40469
1.89938
2.64983
4.21117
4.79907
4.95487
8.20041
9.53958
9.57781
9.9009
11.0833
12.826
13.7912
13.9666
84.3576
185.818
469.407
551.5
605.016
826.796
1309.54
1690.61
1811.06
1856.35
1960.02
1976.55
2745.43
3343.29
Iteration: 71, Accuracy: 0.168607
Elapsed time: 44.655s
0.0794487
0.177766
0.223391
0.36336
0.381172
0.570546
0.603948
0.746481
0.911742
1.05984
1.2958
1.46623
1.59158
1.62236
1.78641
1.94893
2.27474
5.13617
5.62015
7.97756
8.87458
10.1314
11.2398
12.1166
14.9717
21.3045
90.7719
203.939
492.627
551.117
612.187
836.289
1307.56
1683.32
1802.83
1861.72
1958.3
1976.68
2749.42
3358.63
Iteration: 72, Accuracy: 0.168803
Elapsed time: 45.773s
0.081709
0.26408
0.286047
0.383768
0.415229
0.452637
0.480709
0.614191
0.64415
0.652666
0.95893
1.03842
1.4465
1.5572
1.69452
1.84078
2.62544
2.92854
3.68707
3.73521
7.42273
11.1244
14.885
18.0834
23.3353
27.4221
102.08
215.098
501.411
556.791
598.987
834.641
1319.6
1672.37
1804.24
1864.56
1960.37
1983.46
2765.41
3364.03
Iteration: 73, Accuracy: 0.16893
Elapsed time: 45.161s
0.0196899
0.0342614
0.0498287
0.109021
0.122391
0.170021
0.242505
0.331246
0.337972
0.546741
0.585913
0.597076
0.670912
0.750699
1.23923
2.46546
2.61597
2.74425
5.88261
6.7768
14.3718
14.4297
15.0069
17.9532
18.969
21.7219
96.7621
244.342
523.937
570.877
610.237
836.609
1312.02
1673.16
1795.19
1869.85
1967.26
1990.06
2753.93
3364.3
Iteration: 74, Accuracy: 0.16895
Elapsed time: 44.774s
0.0477362
0.049699
0.0624533
0.141509
0.325853
0.397686
0.456293
0.878395
0.931715
0.940429
1.23541
1.28761
1.88851
2.00288
2.51529
3.04503
4.01309
5.91258
8.11815
11.4111
12.1867
13.4005
13.8557
16.7885
18.053
19.7377
102.43
269.99
528.9
571.318
625.897
839.42
1318.86
1674
1784.49
1876.7
1966.28
1995.65
2752.56
3371.7
Iteration: 75, Accuracy: 0.168885
Elapsed time: 45.229s
0.0500357
0.078643
0.0880727
0.248035
0.285647
0.316763
0.590461
0.833612
0.842707
0.912879
0.957278
1.87034
1.92008
2.77755
3.22553
3.55693
5.45134
5.60199
10.3979
10.622
10.7661
13.5435
17.8952
20.5834
22.8287
24.1128
118.093
288.48
536.7
578.826
627.659
844.698
1322.64
1677.98
1787.97
1873.35
1970.16
1995.04
2755.99
3374.61
Iteration: 76, Accuracy: 0.168928
Elapsed time: 44.929s
0.0288608
0.0775972
0.13122
0.189317
0.222876
0.247993
0.277233
0.776562
1.36617
1.52474
2.09396
2.31412
3.59224
4.71522
4.88781
5.08201
5.36578
6.28683
9.39936
11.5984
12.9972
13.5343
14.3314
14.7969
15.4742
20.5026
141.949
321.53
558.908
572.968
621.692
849.91
1322.46
1677.78
1784.65
1872.99
1966.47
1992.77
2756.73
3377.71
Iteration: 77, Accuracy: 0.168956
Elapsed time: 45.008s
0.0302556
0.0998972
0.29643
0.360751
0.440877
0.454761
0.671073
0.691173
0.824619
1.15204
2.0596
2.50393
2.99816
3.90211
4.74079
4.78281
5.64288
5.95914
6.28428
6.57875
7.99247
8.6127
13.358
17.1507
21.4889
28.5537
161.761
347.29
559.064
582.353
617.779
851.857
1322.27
1675.73
1781.85
1876.88
1961.72
2000.84
2761.5
3371.35
Iteration: 78, Accuracy: 0.168914
Elapsed time: 45.463s
0.249348
0.304454
0.309131
0.452675
0.633989
0.692401
0.709285
0.92721
0.975232
1.32572
1.43864
1.49696
2.11863
2.14715
3.19065
3.36868
4.46524
5.23731
5.40269
6.4561
8.59653
8.96784
13.136
15.5521
19.4056
19.694
167.185
371.482
565.456
589.746
647.822
843.222
1328.7
1670.15
1789.2
1870.03
1968.71
1995.33
2767.43
3364.71
Iteration: 79, Accuracy: 0.169116
Elapsed time: 45.67s
0.125637
0.183851
0.207426
0.252901
0.297505
0.329936
0.346323
0.484029
0.655474
0.671727
0.705997
0.724399
0.740628
0.825983
1.1761
1.75665
3.29264
4.42797
7.46091
8.05763
8.58008
10.2568
15.8676
16.333
19.898
23.8391
179.598
391.225
566.364
594.27
642.48
838.74
1319.41
1673.25
1795.53
1872.07
1964.88
1994.84
2768.46
3369.77
Iteration: 80, Accuracy: 0.168938
Elapsed time: 44.68s
0.00306487
0.0106372
0.0590606
0.134512
0.287453
0.29565
0.418801
0.426421
0.506587
0.612811
0.683662
1.62981
1.88411
2.07196
2.58036
2.71913
3.00442
3.24323
3.89881
4.21764
7.86067
17.0724
17.3043
20.7535
20.7666
23.916
193.898
401.674
573.96
586.324
644.864
845.276
1331.72
1664.94
1792.35
1872.27
1966.96
1986.39
2774.39
3376.78
Iteration: 81, Accuracy: 0.168991
Elapsed time: 45.825s
0.0234088
0.0558675
0.0836817
0.140437
0.50371
0.522477
0.525302
0.556078
0.761642
1.1679
1.548
1.58925
2.31512
2.89077
3.51633
3.90206
3.97195
4.05592
4.26307
8.01038
8.85869
15.2742
15.707
16.0267
25.2124
29.1577
207.769
414.085
574.534
593.081
643.579
844.493
1333.33
1660.78
1793.53
1879.76
1969.28
1977.17
2780.94
3370.44
Iteration: 82, Accuracy: 0.169009
Elapsed time: 45.475s
0.0514115
0.0618087
0.241918
0.511961
1.10689
1.33603
1.96442
2.21227
2.52073
2.5655
3.17974
3.22436
4.17559
4.67286
4.68478
4.73386
5.5377
6.62669
8.6872
10.8567
12.1633
13.7639
15.3913
17.4317
21.8171
23.4361
218.655
437.632
565.172
596.479
643.311
840.046
1344.25
1664.59
1799.63
1873.69
1963.83
1970.8
2773.13
3361.87
Iteration: 83, Accuracy: 0.169001
Elapsed time: 44.646s
0.142088
0.185245
0.198138
0.663132
1.27829
1.73578
1.83058
2.23508
2.24712
2.32639
3.69188
3.69695
3.96591
4.64855
4.93167
5.05458
5.43433
7.68214
8.22095
9.02303
10.3617
10.5597
13.3651
16.4315
21.7637
28.4296
241.988
448.255
569.787
596.52
642.082
835.621
1337.31
1666.55
1797.5
1873.89
1963.91
1975.92
2767.86
3366.84
Iteration: 84, Accuracy: 0.168969
Elapsed time: 45.668s
0.0311782
0.271776
0.295501
0.340021
0.421972
0.430581
0.443797
0.711806
0.889418
1.35301
2.87502
3.41611
3.76806
3.94437
4.047
5.12652
5.66595
5.73583
7.07985
7.17574
9.81015
9.94272
15.51
18.5581
18.5606
32.3646
258.028
477.814
571.97
602.909
645.632
833.345
1331.33
1659.85
1800.1
1879.79
1961.59
1964.51
2761.17
3356.73
Iteration: 85, Accuracy: 0.168968
Elapsed time: 45.274s
0.201785
0.202652
0.38914
0.8274
1.23812
1.36885
1.50585
1.51413
1.543
1.61544
1.67898
2.11789
2.21842
2.28576
2.40219
3.50851
3.72315
4.31024
4.87913
6.15302
7.89425
9.93634
10.4777
12.9151
18.3429
44.7352
284.127
483.199
576.259
600.47
644.295
833.315
1323.02
1663.7
1803.5
1887.06
1968.49
1970.31
2770.34
3342.67
Iteration: 86, Accuracy: 0.169188
Elapsed time: 44.511s
0.0424481
0.201961
0.293955
0.298741
0.40124
0.916406
1.09574
1.11558
1.33112
1.48241
1.6089
1.86583
1.88106
1.88203
2.06764
2.49253
2.96628
3.8521
4.8648
5.20184
6.31639
7.86067
9.50226
17.8185
29.7517
46.6833
310.889
486.426
579.141
597.812
634.734
828.818
1337.42
1674.39
1809.01
1897.51
1971.7
1975.54
2775.91
3357.46
Iteration: 87, Accuracy: 0.169245
Elapsed time: 44.703s
0.0163985
0.180416
0.296222
0.911556
1.10404
1.14269
1.23904
1.30239
1.36421
1.41272
1.42252
1.58619
1.72913
1.90634
2.00801
2.08051
2.42151
3.05741
5.3901
6.91568
8.0446
9.49578
12.369
14.5106
21.7854
50.9565
335.353
498.466
583.635
608.533
646.996
837.102
1340.99
1680.75
1818.76
1889.23
1961.31
1977.8
2776.97
3362.95
Iteration: 88, Accuracy: 0.168956
Elapsed time: 45.693s
0.159284
0.288467
0.382297
0.434318
0.706529
0.949893
1.00573
1.08231
1.64549
1.77369
1.81337
1.92264
2.06242
2.16193
2.23053
2.23969
2.24764
2.2838
2.59718
2.8065
2.84643
4.72931
19.5153
19.9009
19.9752
47.1997
382.282
513.474
585.057
611.767
646.829
844.205
1349.01
1672.27
1821.43
1891.34
1951.75
1979.35
2783.24
3372.26
Iteration: 89, Accuracy: 0.169235
Elapsed time: 44.954s
0.0903248
0.255699
0.268803
0.28277
0.367507
0.550876
0.589172
0.606339
0.765971
1.00821
1.32791
1.35819
1.78157
1.91868
2.25214
2.364
2.46181
3.88393
4.78718
4.95307
5.76774
7.10359
9.11214
22.9499
30.313
52.818
410.822
515.969
586.836
611.592
658.17
827.641
1338.84
1675.57
1816.08
1893.3
1941.94
1983.23
2771.28
3360.2
Iteration: 90, Accuracy: 0.169196
Elapsed time: 43.064s
0.377701
0.414512
0.421802
0.557272
0.570346
0.787417
0.791255
0.843969
1.14735
1.20028
1.38879
1.68659
2.53725
3.08182
3.24958
3.71946
4.10989
4.29091
4.56187
7.22671
9.02822
9.21425
10.943
12.9029
20.3677
53.8763
415.614
520.997
590.692
616.963
656.316
829.965
1321.96
1682.91
1813.64
1885.91
1935.35
1985.38
2772.13
3372.04
Iteration: 91, Accuracy: 0.168885
Elapsed time: 45.743s
0.204234
0.204798
0.302281
0.409327
0.428006
0.52335
0.844775
0.920963
1.47411
2.2237
2.26503
2.48248
2.69435
2.80186
4.76298
5.01066
5.01071
6.08793
7.03898
9.92299
10.0819
10.0906
11.186
22.2332
24.7044
60.2022
433.967
530.744
589.542
623.145
646.94
833.233
1316.96
1685.25
1810.64
1871.02
1938.51
1985.54
2777.63
3363.6
Iteration: 92, Accuracy: 0.169244
Elapsed time: 45.413s
0.0804006
0.398233
0.486956
0.829614
0.84175
1.31648
1.43766
1.47296
1.93008
2.06492
2.3485
2.39615
2.44591
2.84933
3.71685
4.37496
4.59059
4.95376
5.78024
11.3092
13.5492
14.6229
15.4301
21.5119
23.7065
60.9337
454.216
548.509
598.61
620.982
653.857
832.921
1314.21
1677.9
1795.81
1872.68
1940.67
1985.2
2785.43
3367.31
Iteration: 93, Accuracy: 0.169113
Elapsed time: 43.855s
0.106347
0.240293
0.301456
0.413414
0.655752
1.35834
1.54854
2.03851
2.32839
2.67199
2.80793
2.96114
2.98132
3.43482
3.67128
6.32396
7.51173
8.12557
11.5094
11.8046
13.0904
13.5106
19.0409
22.6077
25.502
51.0722
477.188
546.965
607.719
615.193
650.467
845.098
1318.89
1682.76
1794.16
1858.03
1930.75
1983.45
2799.19
3367.16
Iteration: 94, Accuracy: 0.169204
Elapsed time: 45.848s
0.0194522
0.0877012
0.329219
0.549509
0.699091
1.70985
1.8703
2.1321
2.44789
2.86102
3.40109
5.26513
5.97535
7.46462
8.33589
8.63862
10.4514
10.5243
11.4965
11.6733
13.5878
13.7249
13.7888
14.0089
30.9298
52.6129
493.845
541.767
617.38
617.968
647.97
844.338
1327.85
1676.79
1774.5
1858.28
1922.94
1983.1
2789.26
3369.38
Iteration: 95, Accuracy: 0.169174
Elapsed time: 45.295s
0.0405014
0.0940865
0.16628
0.28882
0.34145
0.391539
0.446317
0.75539
0.756662
3.16688
3.44565
3.9321
4.06005
4.12618
4.66419
5.06935
5.96663
10.2955
11.2157
11.9833
15.948
17.6199
17.7107
18.5489
30.323
56.0106
514.627
558.761
613.726
615.961
647.013
848.5
1327.05
1686.07
1774.49
1857.67
1932.15
1978.46
2789.83
3366.58
Iteration: 96, Accuracy: 0.168983
Elapsed time: 44.602s
0.0101713
0.167708
0.211739
0.230002
0.240777
0.250421
0.369038
0.469908
0.570243
0.623934
1.22848
1.41653
1.60666
1.9441
3.73606
4.7002
8.34073
11.5599
12.3796
13.7263
19.6307
20.4019
21.5908
23.6171
27.4791
64.0496
516.325
557.862
605.652
629.794
651.039
833.761
1330.35
1692.65
1778.35
1865.96
1930.2
1982.13
2796.21
3368.08
Iteration: 97, Accuracy: 0.169272
Elapsed time: 44.717s
0.0999626
0.313994
0.358752
0.358783
0.457943
0.494682
0.506269
0.559316
0.570298
0.656157
0.844893
1.09146
1.14228
3.18083
3.80186
4.19651
5.70227
8.78075
14.1412
16.5777
19.9085
22.6245
26.6326
26.9793
27.104
48.5537
524.554
564.607
605.735
627.756
655.993
834.292
1319.83
1698.9
1790.82
1863.17
1932.08
1981.47
2792.07
3365.1
Iteration: 98, Accuracy: 0.16914
Elapsed time: 46.027s
0.0637442
0.118609
0.210663
0.354956
0.527642
0.580049
0.740224
0.775053
1.049
1.3412
1.62895
2.11243
2.43285
2.65952
3.86361
7.11085
9.32484
14.6359
16.3729
16.5293
17.4989
19.3176
22.0357
33.3646
36.9317
55.3264
521.335
560.631
613.876
622.678
649.286
835.645
1315.1
1706.11
1777.23
1869.24
1930.49
1967.36
2799.42
3368.65
Iteration: 99, Accuracy: 0.169194
Elapsed time: 44.796s
Averaged Accuracy for 30 iterations: 0.159927
1.14476
1.51431
1.9216
2.33775
2.45853
2.61772
2.79531
3.0122
3.56155
3.57786
3.73154
3.90839
4.40661
4.60847
4.78654
5.12246
5.17838
7.49077
7.88057
7.92078
8.10079
8.48894
11.0717
11.3705
12.317
33.6897
283.673
420.578
565.36
595.315
637.28
837.932
1325.14
1677.47
1797
1873.29
1964.65
1971.76
2772.1
3364.56
Averaged Elapsed Time: 42.9351s
