0.00522547
0.0130804
0.0148707
0.0194647
0.0203441
0.02175
0.0359545
0.040367
0.0414567
0.0431301
0.0482216
0.0531541
0.0634206
0.0663125
0.0708722
0.0832105
0.087455
0.0963093
0.0963384
0.098239
0.103451
0.104255
0.116535
0.116633
0.125602
0.14148
0.143735
0.147201
0.14963
0.15435
0.162028
0.16532
0.166045
0.178537
0.179476
0.179885
0.180329
0.183501
0.189432
0.19916
0.209978
0.230536
0.240939
0.260808
0.27142
0.277083
0.281168
0.281533
0.299327
0.33493
0.35001
0.365338
0.381445
0.381542
0.426375
0.440801
0.441597
0.455411
0.4617
0.481763
0.487872
0.555526
0.609939
0.61318
0.657155
0.680094
0.681217
0.702387
0.719249
0.722949
0.791803
0.796314
0.810369
0.838285
0.848292
0.875046
0.971161
1.02983
1.03419
1.06696
1.07646
1.13683
1.15404
1.19654
1.24946
1.4164
1.72578
1.726
1.73068
1.81254
3.71789
5.03966
19.1801
36.3438
119.222
235.481
250.179
327.605
423.322
771.199
Iteration: 0, Accuracy: 0.220446
Elapsed time: 128.306s
0.00580717
0.0319433
0.0516045
0.0523288
0.0791236
0.0824966
0.0907658
0.0930883
0.095001
0.0960519
0.101448
0.111271
0.113552
0.12661
0.141205
0.154775
0.162831
0.167605
0.170753
0.181989
0.226484
0.230442
0.243979
0.267443
0.295226
0.322477
0.342453
0.343479
0.372275
0.389623
0.391616
0.397355
0.398579
0.422851
0.441665
0.45045
0.484553
0.486015
0.501716
0.567988
0.593703
0.60751
0.608109
0.617493
0.647674
0.680162
0.697985
0.703621
0.708781
0.710047
0.710494
0.731528
0.737597
0.7564
0.776692
0.810279
0.833906
0.859907
0.900415
0.950776
0.992878
0.997578
1.02001
1.03004
1.04365
1.08573
1.10983
1.12146
1.12183
1.15701
1.20578
1.21917
1.25163
1.30718
1.35013
1.44739
1.47456
1.56252
1.56717
1.64403
1.87411
2.00664
2.14354
2.22348
2.4076
2.42639
2.56835
2.83738
3.09097
4.19259
4.45874
5.82103
13.9044
126.605
498.977
770.342
810.915
1013.32
1259.99
1905.65
Iteration: 1, Accuracy: 0.198323
Elapsed time: 145.243s
0.0108435
0.0165717
0.0212992
0.0273651
0.0630983
0.0667951
0.0705441
0.0710078
0.085853
0.0888919
0.0945184
0.112175
0.118543
0.121716
0.125903
0.146762
0.151127
0.151724
0.199722
0.21312
0.243921
0.243938
0.244722
0.264192
0.273431
0.29163
0.302945
0.304056
0.307729
0.317578
0.318149
0.360902
0.363567
0.388475
0.394251
0.412369
0.423531
0.426038
0.436592
0.46436
0.48632
0.519218
0.530521
0.538783
0.546485
0.562086
0.652491
0.662461
0.669457
0.680042
0.744201
0.750295
0.753725
0.768483
0.825096
0.835099
0.846505
0.852686
0.874257
0.920336
0.942178
0.975935
0.99891
1.04939
1.09567
1.10367
1.13774
1.16688
1.26458
1.31425
1.36167
1.36888
1.42658
1.44237
1.46417
1.49423
1.51804
1.54027
1.56208
1.5861
1.8749
1.98306
2.02042
2.04739
2.13912
2.22554
2.25998
2.50614
2.83242
2.97466
3.24148
3.30463
4.67713
194.12
667.468
1026.98
1039.7
1261.02
1497.8
2003.85
Iteration: 2, Accuracy: 0.191204
Elapsed time: 143.129s
0.0107014
0.0278467
0.0466995
0.0560362
0.0563833
0.0751579
0.0856157
0.0893498
0.12084
0.148358
0.15037
0.179902
0.18421
0.198592
0.218737
0.223445
0.24949
0.250114
0.261967
0.26238
0.274781
0.290777
0.292762
0.317602
0.418511
0.421818
0.425795
0.444466
0.460613
0.46294
0.503595
0.528872
0.530197
0.563275
0.612253
0.62102
0.631443
0.64908
0.66535
0.680896
0.706734
0.721679
0.724099
0.752972
0.753509
0.761183
0.764627
0.844095
0.90038
0.90286
0.934865
0.989736
1.02529
1.05282
1.06615
1.0874
1.0899
1.10445
1.15672
1.17201
1.20737
1.20971
1.29136
1.3155
1.35955
1.39172
1.41114
1.45061
1.47438
1.48672
1.4902
1.523
1.72243
1.7252
1.82381
2.0963
2.14792
2.17334
2.22142
2.29326
2.32285
2.34005
2.43679
2.46524
2.51506
2.97808
3.02611
3.10503
3.14919
3.24839
3.31248
3.55184
4.23138
229.367
729.952
1133.47
1223.02
1410.82
1632.86
2100.83
Iteration: 3, Accuracy: 0.187961
Elapsed time: 143.21s
0.000741683
0.00882401
0.0102754
0.0322582
0.0461399
0.0607509
0.0636217
0.0854372
0.0867389
0.0937609
0.0974739
0.100225
0.173736
0.210648
0.217921
0.235233
0.23851
0.257875
0.314085
0.317962
0.318878
0.319571
0.338839
0.348634
0.363007
0.38623
0.421712
0.425868
0.426415
0.434776
0.495136
0.502411
0.505606
0.521511
0.524194
0.574037
0.582798
0.58626
0.602174
0.632807
0.659122
0.725192
0.729182
0.734044
0.762756
0.772774
0.781986
0.797412
0.889269
0.894498
0.904071
0.95773
0.96657
0.977465
0.994652
0.99721
1.02916
1.15756
1.158
1.17695
1.27443
1.27652
1.31586
1.37453
1.4035
1.47492
1.53877
1.58744
1.61246
1.6297
1.65221
1.67668
1.70636
1.7455
1.75766
1.83666
1.93234
2.00497
2.06144
2.1141
2.12844
2.19993
2.4657
2.49626
2.53779
2.69965
3.17698
3.34301
3.62395
3.97931
4.19238
4.48716
4.63515
262.269
815.47
1230.81
1400.18
1494.22
1876.55
2257.38
Iteration: 4, Accuracy: 0.183809
Elapsed time: 146.034s
0.0183153
0.0226166
0.030196
0.038864
0.0449442
0.0477557
0.0527366
0.0659218
0.0730657
0.0838098
0.114783
0.120703
0.136632
0.158956
0.187824
0.201195
0.268044
0.269656
0.273039
0.279419
0.311657
0.322211
0.328269
0.329351
0.335679
0.337364
0.350815
0.359855
0.377062
0.385712
0.468401
0.470136
0.483954
0.489733
0.490458
0.491186
0.498906
0.51801
0.521321
0.525337
0.537886
0.549312
0.558572
0.575911
0.652776
0.655512
0.659583
0.663157
0.664159
0.673709
0.721864
0.741592
0.753602
0.776603
0.846527
0.940631
0.958548
0.987625
1.05147
1.06546
1.12818
1.13399
1.18671
1.20586
1.21378
1.2251
1.22767
1.32165
1.38683
1.46344
1.5152
1.65258
1.69281
1.72016
1.85397
2.02152
2.02791
2.06962
2.07402
2.19022
2.30837
2.44334
2.46887
2.77178
3.07931
3.32505
3.50571
4.07072
4.12405
4.38392
4.99179
5.58023
7.79665
345.097
971.794
1315.6
1513.31
1593.52
2101.34
2502.52
Iteration: 5, Accuracy: 0.179688
Elapsed time: 149.476s
0.0195774
0.0228446
0.0253304
0.027059
0.0277463
0.0679998
0.0693517
0.104062
0.135423
0.148692
0.169053
0.170632
0.181456
0.185817
0.189454
0.191747
0.211925
0.21397
0.214852
0.240147
0.243402
0.244016
0.247051
0.284597
0.302446
0.306567
0.309185
0.313526
0.320686
0.322419
0.34912
0.35303
0.356167
0.378917
0.384194
0.398006
0.40894
0.417542
0.468718
0.473394
0.496934
0.499367
0.501234
0.502887
0.53774
0.576849
0.614393
0.640549
0.652719
0.659368
0.661589
0.737638
0.761688
0.811727
0.944795
0.996909
1.11455
1.1159
1.11699
1.12808
1.13894
1.16983
1.20243
1.21745
1.22428
1.2317
1.24502
1.28198
1.29819
1.34941
1.37976
1.3806
1.42752
1.49508
1.59275
1.66657
1.9634
1.99885
2.0546
2.32216
2.37375
2.39686
2.40245
2.57191
2.58117
2.68974
3.08059
3.23883
3.52853
4.26318
4.46577
4.60717
9.94327
462.032
1082.76
1405.51
1613.3
1693.29
2254.43
2629.31
Iteration: 6, Accuracy: 0.17693
Elapsed time: 143.079s
0.00229895
0.00358473
0.0100797
0.0318997
0.0364209
0.0512082
0.0629456
0.0770394
0.0822441
0.0896377
0.0906929
0.111895
0.119925
0.129296
0.150455
0.151738
0.184043
0.194863
0.240131
0.24243
0.247196
0.258276
0.285745
0.289499
0.292815
0.302814
0.304402
0.304517
0.306628
0.337941
0.338585
0.350076
0.3684
0.447822
0.462731
0.465246
0.465471
0.468311
0.472464
0.472482
0.484493
0.498578
0.544637
0.557124
0.573774
0.709406
0.711675
0.73234
0.789162
0.817012
0.828959
0.929174
0.94753
0.951853
1.00114
1.04676
1.07907
1.12681
1.1576
1.20617
1.21898
1.25766
1.29632
1.37263
1.38654
1.52438
1.72069
1.76817
1.76927
1.77111
1.83626
1.9209
1.97692
2.04213
2.12083
2.25256
2.27817
2.33772
2.34918
2.47168
2.50008
2.52983
2.5945
2.65966
2.76756
2.91483
3.11154
3.24675
3.66898
3.79863
3.96988
4.20625
18.1917
635.853
1153.8
1490.76
1692.22
1790.43
2346.77
2725.1
Iteration: 7, Accuracy: 0.175283
Elapsed time: 143.67s
0.00742863
0.0343788
0.0484277
0.057619
0.0681073
0.0753415
0.0821782
0.0944065
0.0982239
0.11411
0.120492
0.130117
0.143525
0.156221
0.168277
0.223615
0.231679
0.237777
0.240068
0.253623
0.254898
0.259971
0.28137
0.287823
0.311396
0.317126
0.335697
0.341266
0.35632
0.398336
0.404452
0.428639
0.467222
0.468956
0.471241
0.490334
0.496796
0.537062
0.538239
0.596009
0.607229
0.612287
0.634345
0.645788
0.65554
0.672568
0.676541
0.689662
0.697217
0.75937
0.768448
0.853113
0.946052
0.981959
0.994972
1.07155
1.10477
1.13044
1.1564
1.2
1.22648
1.24431
1.26098
1.27927
1.30945
1.37796
1.41909
1.52019
1.58217
1.69858
1.72436
1.85757
1.94315
2.26654
2.3065
2.45507
2.46016
2.51874
2.67972
2.75845
2.79943
2.98596
3.24085
3.70572
3.91045
4.1243
4.17692
4.43165
5.20218
6.64857
7.44223
7.53933
9.30215
817.924
1223.2
1561.29
1773.05
1862.29
2408.32
2797.57
Iteration: 8, Accuracy: 0.174151
Elapsed time: 144.564s
0.0127796
0.021244
0.0505453
0.0664205
0.0861482
0.089919
0.10174
0.120535
0.131271
0.136897
0.165892
0.172058
0.178863
0.186681
0.190663
0.197351
0.257427
0.272837
0.289949
0.313008
0.33185
0.383733
0.407507
0.417994
0.419157
0.419374
0.420134
0.420213
0.429967
0.438166
0.457554
0.463271
0.466807
0.503686
0.506862
0.556713
0.571946
0.594787
0.595979
0.599626
0.604397
0.676447
0.67932
0.690764
0.752652
0.759173
0.779004
0.780003
0.786036
0.829533
0.830596
0.831313
0.847712
0.994094
1.00066
1.03353
1.04391
1.05043
1.0651
1.24737
1.24828
1.26859
1.28429
1.32526
1.36355
1.4171
1.49767
1.62842
1.63215
1.78082
1.82867
1.96933
1.98194
2.03641
2.09621
2.19438
2.36738
2.52723
2.80461
3.10049
3.17983
3.42401
3.45118
3.98583
4.28121
4.65315
4.7396
4.89861
5.18665
6.63362
7.18119
8.26975
8.97025
972.404
1288.08
1621.58
1823.45
1914.01
2460.2
2852.11
Iteration: 9, Accuracy: 0.173077
Elapsed time: 145.143s
0.00129086
0.00812423
0.027464
0.0280002
0.0463727
0.0861196
0.0894429
0.0909459
0.092547
0.100727
0.109833
0.231438
0.261506
0.281864
0.283131
0.284169
0.291171
0.295016
0.301362
0.327305
0.36571
0.376271
0.378327
0.444087
0.457745
0.471689
0.48939
0.492142
0.508052
0.520792
0.525099
0.525516
0.530538
0.546485
0.588144
0.601166
0.617104
0.640747
0.679221
0.701325
0.711144
0.719979
0.752082
0.816028
0.817327
0.828146
0.845695
0.86135
0.944867
0.945813
0.99094
0.99617
1.04483
1.09696
1.12305
1.13682
1.15842
1.19949
1.26346
1.408
1.42
1.46494
1.73008
1.80041
1.80628
1.81082
1.84494
1.85282
1.87526
1.89721
2.40928
2.49883
2.56337
2.63442
2.68968
2.79642
2.85035
2.97152
3.09218
3.38082
3.66218
4.03429
4.3048
4.53386
5.14092
5.16827
5.28085
5.48222
6.00335
6.27024
6.49173
6.83967
9.07714
1086.01
1342.06
1673.72
1870.74
1950.64
2499.72
2884.94
Iteration: 10, Accuracy: 0.1722
Elapsed time: 143.463s
0.0159958
0.0279352
0.0421451
0.0439594
0.0490418
0.0529473
0.0530374
0.0562742
0.0584695
0.062039
0.0650649
0.111744
0.115371
0.127829
0.133022
0.13678
0.141907
0.142826
0.160191
0.168847
0.179214
0.183266
0.223499
0.250273
0.250745
0.252334
0.257017
0.274322
0.279593
0.280363
0.286821
0.292001
0.347789
0.37821
0.385364
0.391195
0.409414
0.451529
0.470153
0.482184
0.504708
0.511293
0.542908
0.586227
0.655006
0.676637
0.708959
0.718895
0.751788
0.759814
0.769887
0.780398
0.809592
0.828484
0.829595
0.842648
0.900099
0.938936
1.04732
1.10161
1.15438
1.17215
1.1986
1.20324
1.22131
1.27259
1.29509
1.32045
1.3549
1.38296
1.41995
1.60968
1.72736
1.77895
1.84057
1.94402
2.20161
2.58953
2.60756
3.0129
3.05426
3.23361
3.26117
3.7724
4.04525
4.17203
4.6347
5.33593
8.01057
8.54246
8.57212
8.90202
12.7251
1162.07
1387.27
1740.13
1907.52
1989.15
2542.76
2935.44
Iteration: 11, Accuracy: 0.171609
Elapsed time: 143.781s
0.0031402
0.0246933
0.0293273
0.0325343
0.0617226
0.0627049
0.0642227
0.0667183
0.0707205
0.0793709
0.0808344
0.0917461
0.0922799
0.10244
0.107547
0.108012
0.113598
0.123091
0.128661
0.132989
0.146187
0.156191
0.167685
0.18835
0.198826
0.236621
0.241983
0.244087
0.256356
0.270724
0.287854
0.292298
0.297491
0.375875
0.376949
0.389645
0.441338
0.444574
0.524912
0.573019
0.587314
0.611302
0.618163
0.632104
0.668656
0.674801
0.695932
0.69827
0.724026
0.776233
0.805675
0.811869
0.831148
0.897477
0.98941
1.01936
1.03741
1.04835
1.10661
1.13519
1.27717
1.42918
1.4955
1.70773
1.75959
1.88224
1.97118
1.98345
2.06892
2.07169
2.09251
2.11673
2.51415
2.57366
2.65705
2.65989
2.74506
3.27346
3.31354
3.42029
3.4448
3.59328
3.74632
4.21201
4.60143
4.82747
4.90633
5.68989
5.72514
8.43136
8.70839
13.031
16.3644
1228.72
1433.2
1791.21
1957.45
2021.63
2583.12
2969.5
Iteration: 12, Accuracy: 0.171129
Elapsed time: 144.024s
0.00389526
0.0105657
0.0214626
0.0234735
0.0565861
0.0961155
0.120642
0.124272
0.125944
0.127247
0.139163
0.139748
0.142866
0.145465
0.180768
0.206703
0.213546
0.230876
0.249088
0.250574
0.251485
0.254602
0.256735
0.26641
0.291061
0.295873
0.298629
0.331297
0.331769
0.332755
0.353456
0.373084
0.376692
0.409124
0.41343
0.421007
0.438344
0.442478
0.447181
0.483766
0.49604
0.517494
0.534318
0.56402
0.595414
0.677251
0.755368
0.761195
0.77753
0.783056
0.785936
0.841602
0.948521
0.956288
0.965104
1.07386
1.13049
1.13663
1.13862
1.22611
1.23436
1.26113
1.27106
1.33655
1.33958
1.41681
1.45043
1.45438
1.50879
1.59859
1.62597
1.64739
1.85057
1.86071
2.05966
2.08732
2.21142
2.35883
2.49093
2.52588
2.61385
2.79259
3.01999
3.04844
3.62542
4.55316
5.23801
6.1082
6.32866
6.47387
6.71244
11.0764
28.5283
1279.94
1459.38
1829.82
1995.74
2044.37
2604.66
3001.27
Iteration: 13, Accuracy: 0.170589
Elapsed time: 143.582s
0.0158149
0.0275348
0.0277561
0.0323616
0.0545525
0.0557152
0.0589894
0.0641684
0.0734458
0.0752515
0.0779965
0.0845236
0.0922216
0.0991811
0.0993433
0.0999853
0.106515
0.122465
0.126188
0.129216
0.13091
0.145164
0.147981
0.16673
0.181373
0.23949
0.261448
0.291079
0.31841
0.334578
0.355905
0.357339
0.372548
0.381531
0.390666
0.390727
0.440154
0.4408
0.48751
0.490442
0.499151
0.531295
0.556453
0.577679
0.605528
0.645592
0.656944
0.666703
0.743552
0.835533
0.83921
0.984116
1.00724
1.0335
1.03893
1.11536
1.11695
1.128
1.27425
1.39202
1.39305
1.41086
1.41194
1.52411
1.5536
1.55524
1.77247
1.9548
2.01935
2.47673
2.55998
2.66214
2.7339
2.86442
2.95648
3.02653
3.10187
3.53489
3.83686
4.16031
4.19131
4.51611
4.82842
5.12321
5.16356
5.18817
5.33974
6.16059
6.48481
6.62784
7.60701
9.34159
24.0247
1333.37
1491.6
1875.24
2030.91
2067.1
2634.37
3023.33
Iteration: 14, Accuracy: 0.170167
Elapsed time: 144.716s
0.00605284
0.00905001
0.0388291
0.0564941
0.0569011
0.0643627
0.0721648
0.0764559
0.1015
0.109107
0.116403
0.125567
0.139127
0.153181
0.169125
0.170211
0.178925
0.187054
0.221702
0.273448
0.282087
0.335541
0.348764
0.372992
0.373928
0.389844
0.408212
0.412247
0.433286
0.434402
0.45133
0.500224
0.535817
0.540088
0.555159
0.647255
0.7115
0.761398
0.761996
0.807604
0.810827
0.833045
0.851001
0.885866
0.886352
0.929546
0.935758
0.994231
1.10073
1.16509
1.19931
1.26572
1.28998
1.31815
1.37739
1.39606
1.40765
1.40921
1.46876
1.51374
1.54064
1.58136
1.61579
1.82695
1.90819
2.05888
2.08576
2.3603
2.43864
2.50379
2.9039
2.96228
3.0662
3.18779
3.25234
3.825
4.12828
4.24645
4.24871
4.34934
4.40006
4.48757
4.5854
5.25815
5.45854
6.19498
6.36686
6.48331
7.31077
7.69346
11.8085
13.5574
18.1197
1356.93
1505.76
1912.46
2075.59
2098.11
2650.69
3045.49
Iteration: 15, Accuracy: 0.169894
Elapsed time: 143.353s
0.000757989
0.0583816
0.0628238
0.0664227
0.0750347
0.107487
0.112597
0.11591
0.130661
0.144029
0.185767
0.203533
0.209016
0.234719
0.238202
0.291829
0.296937
0.299978
0.301756
0.322403
0.399095
0.432599
0.434663
0.46353
0.467367
0.479866
0.489359
0.504934
0.523502
0.524685
0.554317
0.601064
0.603718
0.606567
0.624322
0.663424
0.667095
0.739631
0.797822
0.846571
0.86129
0.994135
0.998537
1.06437
1.07579
1.07981
1.08766
1.18225
1.23804
1.31051
1.35763
1.36354
1.41861
1.46916
1.52842
1.65507
1.67308
1.68915
1.69484
1.73146
1.79574
1.87329
2.17857
2.24693
2.25176
2.41562
2.43048
2.49458
2.5131
2.51599
2.56761
2.8759
2.98435
3.06914
3.09638
3.26522
3.27677
3.33848
3.59481
4.00071
4.02399
4.69496
5.55391
6.2391
6.75408
7.05261
7.09944
7.27219
8.32336
9.40093
13.9142
17.6464
20.1272
1376.83
1520.64
1949.17
2109.81
2113.99
2665.9
3068.63
Iteration: 16, Accuracy: 0.169651
Elapsed time: 144.522s
0.0165215
0.0181274
0.0194252
0.0350663
0.0410334
0.0425947
0.0486484
0.0583067
0.0711317
0.125688
0.127272
0.136521
0.137283
0.206689
0.207159
0.228714
0.235049
0.238818
0.284573
0.299893
0.303489
0.30777
0.332013
0.332506
0.334032
0.426553
0.437474
0.450829
0.483809
0.494754
0.525738
0.56271
0.564506
0.624639
0.628774
0.636687
0.642547
0.701178
0.702153
0.71143
0.754714
0.75679
0.802512
0.813401
0.854177
0.965439
1.03182
1.03931
1.11288
1.20319
1.30374
1.33265
1.35483
1.37872
1.39386
1.42623
1.44075
1.44808
1.47856
1.59735
1.69831
1.741
1.83679
1.88186
1.95143
1.97567
1.99629
2.00123
2.01916
2.05234
2.13452
2.15754
2.20468
2.59496
2.72325
2.84428
2.951
2.99255
3.22603
3.42818
3.8941
4.51058
5.20886
5.8775
5.93922
5.94553
6.4952
7.67646
8.0061
10.585
16.5565
20.6875
23.0064
1397.8
1527.14
1976.91
2135.54
2153.08
2681.56
3093.95
Iteration: 17, Accuracy: 0.169485
Elapsed time: 143.31s
0.000808359
0.00139164
0.028548
0.0466589
0.0571957
0.0903301
0.0931725
0.124008
0.124131
0.13299
0.151268
0.159651
0.167504
0.184114
0.188927
0.189241
0.198796
0.227532
0.241181
0.265848
0.269904
0.300091
0.31916
0.343355
0.343626
0.349275
0.363976
0.388101
0.442489
0.443569
0.451336
0.541198
0.579092
0.599164
0.617691
0.658939
0.682904
0.700649
0.715919
0.761858
0.762088
0.877714
0.901838
0.902332
0.92213
0.927144
0.935953
0.941834
0.955899
0.983276
1.05998
1.13812
1.20974
1.26285
1.2829
1.36478
1.47392
1.48195
1.57632
1.63078
1.63577
1.90341
1.94316
2.15368
2.29663
2.34114
2.40944
2.65955
2.72002
3.26854
3.27086
3.44542
3.45191
3.45563
3.58928
3.70665
3.81128
3.99919
4.32465
4.54635
4.56572
4.80898
4.83998
4.91814
4.93055
4.93476
6.15658
6.28746
6.52507
6.55263
7.72703
15.2765
24.6411
1415.07
1547.25
2012.03
2131.04
2180.53
2684.81
3113.96
Iteration: 18, Accuracy: 0.169294
Elapsed time: 143.619s
0.00110409
0.0185718
0.0446154
0.0499141
0.0513697
0.0772902
0.0913841
0.0943203
0.129115
0.135779
0.154819
0.164384
0.166415
0.176406
0.183612
0.184646
0.198348
0.203107
0.203761
0.206816
0.218579
0.258803
0.311486
0.324437
0.330052
0.348433
0.42809
0.447395
0.450171
0.474925
0.475435
0.488044
0.504816
0.563776
0.589879
0.597847
0.617439
0.61801
0.636222
0.65373
0.671788
0.735507
0.766209
0.786291
0.860334
0.880931
0.907851
0.990441
0.995226
1.02901
1.04994
1.07866
1.08211
1.17761
1.23609
1.31543
1.3379
1.41876
1.44315
1.46794
1.54841
1.55065
1.61599
1.62502
1.67865
1.67976
1.74632
1.81294
2.16205
2.29118
2.34612
2.528
2.63166
2.67374
2.697
2.74271
2.85736
2.91543
2.96262
3.36347
3.92716
4.23617
4.39703
5.08616
6.25475
7.80943
10.4393
10.6719
11.2774
11.4366
11.6096
21.1985
29.212
1422.28
1552.29
2042.34
2128.34
2213.8
2690.24
3121.35
Iteration: 19, Accuracy: 0.169051
Elapsed time: 143.438s
0.0170829
0.0236351
0.0311664
0.0381086
0.0410646
0.0440347
0.0654785
0.0898268
0.0902916
0.0943236
0.122665
0.124452
0.13742
0.13793
0.148908
0.182301
0.230467
0.256548
0.2879
0.301783
0.322603
0.337229
0.345862
0.372397
0.391021
0.400281
0.411997
0.414848
0.430477
0.440284
0.44196
0.454152
0.470651
0.486816
0.496457
0.51316
0.546156
0.596395
0.607848
0.616273
0.64
0.641585
0.683519
0.692287
0.697261
0.754954
0.783261
0.795989
0.813567
0.843014
0.935159
0.947493
1.0033
1.10334
1.1106
1.13667
1.14118
1.16517
1.248
1.26389
1.28744
1.28824
1.31223
1.38302
1.63754
1.64402
1.70413
1.70673
1.72693
1.73172
1.83524
1.96339
1.96675
2.32835
2.43914
2.74426
2.87964
3.03011
3.56772
3.58736
3.68753
3.79987
4.09392
5.1282
6.44026
7.90147
8.01036
9.00302
9.48001
11.0643
14.0736
27.0938
35.2094
1441.2
1553.22
2063.65
2134.22
2226.78
2712.38
3126.29
Iteration: 20, Accuracy: 0.169149
Elapsed time: 143.06s
0.00559009
0.0162978
0.0518801
0.0521624
0.0757177
0.0781921
0.121781
0.165748
0.172545
0.229269
0.236742
0.249178
0.249289
0.249334
0.251519
0.255107
0.256159
0.263866
0.273183
0.278394
0.293017
0.304884
0.305872
0.38096
0.425847
0.434625
0.450745
0.456819
0.460207
0.47676
0.503261
0.519252
0.536965
0.557228
0.564797
0.566642
0.586764
0.588057
0.655298
0.703844
0.714815
0.725036
0.726883
0.729671
0.831613
0.903172
0.927151
0.935534
0.973822
0.985797
0.994942
1.01175
1.01901
1.06116
1.132
1.13281
1.1387
1.18811
1.64316
1.75903
2.12438
2.16511
2.25851
2.29859
2.32933
2.42859
2.43402
2.49541
2.59041
2.78225
3.31265
3.34517
3.52263
3.72677
4.37184
4.70367
4.89617
4.90914
5.67242
5.96134
6.22013
6.47218
6.76112
6.78853
6.99422
9.04511
10.7048
10.967
13.5455
20.232
22.9079
25.1419
27.2322
1457.46
1552.2
2086.38
2127.27
2243.84
2713.44
3146.13
Iteration: 21, Accuracy: 0.16903
Elapsed time: 143.618s
0.0371713
0.0377763
0.043129
0.04793
0.0851603
0.0854589
0.148922
0.16178
0.174895
0.175739
0.177518
0.192409
0.203511
0.206326
0.210726
0.218627
0.22941
0.231135
0.280756
0.293761
0.325777
0.327211
0.34114
0.349843
0.362129
0.363134
0.380404
0.405058
0.429305
0.437758
0.465899
0.466104
0.492569
0.503681
0.514957
0.5185
0.551745
0.551958
0.598161
0.611733
0.729674
0.742153
0.826105
0.845672
0.891524
0.938674
0.95491
0.957273
1.01636
1.01836
1.06386
1.14719
1.172
1.25125
1.28046
1.33969
1.38584
1.43016
1.47423
1.54427
1.67341
1.74615
1.78685
1.80027
1.90834
2.14159
2.2041
2.2521
2.28699
2.33494
3.04299
3.07398
3.71971
4.74418
4.9681
5.0082
5.66095
5.82883
6.39509
6.73919
6.93489
7.13734
7.96581
8.40082
9.0464
9.20345
9.62255
10.4057
11.0393
13.1505
16.9469
27.7435
28.3944
1449.41
1545.61
2109.37
2120.93
2262.51
2711.86
3137.73
Iteration: 22, Accuracy: 0.169093
Elapsed time: 143.798s
0.0121874
0.0741111
0.0785838
0.108144
0.11776
0.131471
0.133205
0.138393
0.142966
0.150164
0.161628
0.169416
0.170298
0.173856
0.183503
0.190905
0.192686
0.201758
0.232724
0.259287
0.271435
0.299967
0.31918
0.320733
0.325165
0.326397
0.332514
0.338568
0.342047
0.354485
0.361847
0.392507
0.422304
0.435683
0.457287
0.47135
0.59156
0.597907
0.614176
0.66139
0.674417
0.679931
0.700154
0.716047
0.815525
0.833574
0.878019
0.900234
0.917169
0.999035
1.00048
1.01376
1.2156
1.24484
1.27439
1.4776
1.53408
1.55334
1.84534
1.84556
1.96593
2.01656
2.09713
2.11934
2.12303
2.16097
2.18226
2.25891
2.26665
2.46309
2.57474
2.58912
2.89634
2.96539
3.37296
3.5211
3.64671
3.71282
3.87898
4.61056
4.65194
4.76647
4.90652
5.08335
5.18831
7.5409
8.06021
9.2351
9.81959
11.447
12.6678
20.2265
27.6687
1449.12
1540
2107.13
2118.35
2281.19
2718.79
3155.26
Iteration: 23, Accuracy: 0.168933
Elapsed time: 143.685s
0.00231487
0.09081
0.101686
0.118918
0.12356
0.139346
0.140909
0.166859
0.178834
0.180146
0.181751
0.195137
0.201272
0.202465
0.211605
0.213868
0.237133
0.249641
0.254417
0.264774
0.284317
0.323741
0.335804
0.352678
0.37359
0.380747
0.42589
0.435968
0.436711
0.450851
0.501987
0.50905
0.514323
0.516652
0.532689
0.546775
0.581063
0.591016
0.642827
0.680181
0.765794
0.934776
0.940963
0.94547
0.967539
1.02307
1.03913
1.04122
1.07223
1.10318
1.16493
1.24519
1.25227
1.26268
1.3226
1.3843
1.49161
1.57232
1.71767
1.77221
1.82173
1.82426
2.47511
2.63476
2.67246
2.85496
2.94998
3.07213
3.18331
3.34629
3.43332
3.4401
3.63897
3.81358
4.29135
4.42776
4.78347
5.20868
5.24258
5.26905
5.44144
5.76172
6.20052
6.22739
8.25988
9.66729
10.6121
13.0232
14.2243
15.1068
26.62
30.4942
31.8106
1447.69
1547.34
2100.17
2109.9
2293.14
2720.74
3166.59
Iteration: 24, Accuracy: 0.169002
Elapsed time: 143.423s
0.00924319
0.0276599
0.0300398
0.030838
0.0350288
0.0362449
0.0678002
0.122451
0.129726
0.141378
0.141973
0.142287
0.15249
0.155154
0.155463
0.167437
0.168087
0.171215
0.197919
0.198761
0.202719
0.213707
0.215248
0.264061
0.301774
0.351756
0.356385
0.371222
0.452772
0.4541
0.487405
0.499215
0.522328
0.61054
0.705431
0.754762
0.779283
0.788693
0.795514
0.800584
0.805015
0.812919
0.848872
0.960497
1.04847
1.05903
1.14547
1.15927
1.28169
1.29322
1.31198
1.35359
1.36022
1.37876
1.44736
1.46097
1.5423
1.55595
1.59697
2.06589
2.1162
2.1172
2.14051
2.14108
2.14152
2.21377
2.38213
2.40506
2.58602
3.19732
3.26788
3.33782
3.39952
3.86977
4.19939
5.22569
5.74185
6.28167
6.56294
6.75316
8.56108
8.7601
9.6239
9.84132
12.7858
15.0224
15.7477
17.275
17.9082
18.6336
20.3735
25.5279
35.5466
1446.69
1547.2
2092.51
2102.63
2299.44
2719.51
3179.08
Iteration: 25, Accuracy: 0.168781
Elapsed time: 143.894s
0.0102722
0.0313416
0.0406365
0.0468313
0.0967358
0.154032
0.156419
0.163638
0.174606
0.188086
0.195933
0.195984
0.197803
0.228686
0.2412
0.243897
0.269862
0.280405
0.282101
0.284548
0.287104
0.289542
0.299167
0.313856
0.33778
0.347307
0.359134
0.397554
0.428168
0.438473
0.468108
0.483011
0.486365
0.489282
0.498459
0.517189
0.527831
0.53998
0.551946
0.617744
0.643105
0.646721
0.684152
0.776044
0.859019
0.889926
0.94731
0.971108
1.09058
1.09186
1.15248
1.1747
1.17672
1.25464
1.45563
1.76327
1.86171
2.26362
2.31932
2.45666
2.48076
2.52163
2.68687
2.86921
2.8935
2.98205
3.11761
3.15473
3.74624
3.91893
4.06877
4.24422
4.88925
5.02704
5.27305
5.34611
6.10681
6.26708
6.79554
6.90698
7.23288
7.40675
7.85213
8.42079
8.57059
8.69078
9.02686
9.966
11.7135
11.8066
11.8515
16.1676
17.381
1460.55
1544.7
2096.68
2102.69
2297.29
2712.88
3180.38
Iteration: 26, Accuracy: 0.168873
Elapsed time: 132.199s
0.00563167
0.026352
0.0365733
0.0419247
0.0506888
0.0570326
0.0649716
0.0751044
0.116301
0.140017
0.143018
0.147571
0.154428
0.170917
0.183349
0.221407
0.228147
0.23451
0.241163
0.301058
0.307022
0.310802
0.316004
0.330808
0.37147
0.445825
0.453729
0.471429
0.506744
0.54783
0.548704
0.616205
0.621718
0.63418
0.682904
0.751963
0.757032
0.771886
0.780541
0.783863
0.796102
0.814024
0.985737
1.00517
1.02264
1.09343
1.19954
1.25759
1.25913
1.28395
1.2957
1.30677
1.35498
1.38629
1.43744
1.45443
1.47371
1.49682
1.53433
1.57985
1.7291
1.74543
1.8213
1.83498
1.84416
1.90185
1.92852
2.64196
2.65399
2.73741
2.84299
3.14968
3.37405
4.18271
4.37901
4.43101
4.44772
4.60289
4.72892
4.76844
5.4943
5.88101
6.09069
6.70615
6.8429
7.73942
8.24207
8.97577
11.6371
13.1192
13.5373
14.842
22.3001
1461.89
1550.34
2087.75
2118.83
2299.6
2719.05
3203.31
Iteration: 27, Accuracy: 0.168753
Elapsed time: 126.803s
0.00563948
0.0102968
0.0160197
0.0238154
0.0424283
0.0471063
0.0568644
0.0639516
0.0672518
0.0720456
0.0804094
0.0816848
0.082807
0.124667
0.142356
0.150231
0.16043
0.167379
0.177265
0.183352
0.185889
0.224726
0.226686
0.242007
0.296747
0.310831
0.331119
0.331425
0.351597
0.361271
0.375771
0.384411
0.391717
0.39703
0.491803
0.500219
0.527523
0.561009
0.577137
0.625242
0.62559
0.63063
0.656489
0.664393
0.677074
0.680651
0.727295
0.733287
0.748612
0.750189
0.810595
0.823652
0.830635
0.841468
0.871798
0.934283
0.968349
1.01025
1.03966
1.1803
1.26905
1.41375
1.43015
1.49023
1.55928
1.79221
1.82393
1.96878
1.98265
2.10864
2.49332
2.92642
3.58371
3.6143
3.91256
4.05744
4.06046
4.55867
4.97418
5.14081
5.35041
5.67056
5.83012
6.00252
7.19517
7.4739
8.22576
8.83596
10.1072
11.2027
11.5264
15.8421
16.0051
1453.45
1552.61
2094.89
2123.35
2302.51
2724.23
3206.71
Iteration: 28, Accuracy: 0.168631
Elapsed time: 126.804s
0.00185858
0.0101421
0.0207925
0.0221668
0.0272452
0.0340746
0.038091
0.0523201
0.0675983
0.103923
0.111043
0.142743
0.150707
0.158224
0.17352
0.214009
0.229043
0.25256
0.255703
0.261395
0.281133
0.281459
0.284437
0.30821
0.311458
0.357618
0.368272
0.429355
0.445721
0.47023
0.531193
0.540339
0.576795
0.616201
0.625309
0.721951
0.727973
0.735169
0.80045
0.875324
0.915267
0.933161
0.961219
1.05785
1.06357
1.06867
1.0844
1.11522
1.24708
1.41582
1.41767
1.42206
1.59487
1.60119
1.65355
1.74476
1.79326
1.79552
1.79684
1.8307
1.92468
1.96456
1.99499
2.20388
2.24105
2.4116
2.52996
2.60614
2.68125
2.75547
2.87632
3.33975
3.41634
3.49835
3.64746
4.60607
4.83385
5.40186
5.46922
5.51165
6.01822
6.26988
6.52004
6.609
6.65824
8.15623
8.49765
8.74985
9.18268
14.3072
14.7033
18.1659
21.8715
1459.28
1551.43
2090.02
2132.52
2299.04
2715.4
3216.15
Iteration: 29, Accuracy: 0.168601
Elapsed time: 125.952s
0.0171318
0.0202689
0.0328887
0.0363515
0.0547112
0.0721186
0.0957962
0.136229
0.148024
0.163155
0.170943
0.173234
0.17373
0.175665
0.203201
0.204778
0.224916
0.299534
0.304529
0.322951
0.389777
0.45189
0.481561
0.540997
0.556402
0.556863
0.586994
0.587765
0.59079
0.597582
0.697856
0.761287
0.784012
0.789262
0.811712
0.889771
0.971216
0.990935
1.00535
1.04142
1.1246
1.22252
1.27246
1.33895
1.40743
1.52809
1.62866
1.63646
1.70766
1.75662
1.8687
1.91982
2.064
2.07553
2.14495
2.18532
2.36995
2.46767
2.51165
2.53459
2.61115
2.73009
2.73128
2.86659
3.04326
3.04881
3.06008
3.12156
3.44707
3.60282
3.60476
3.90428
3.99402
4.13607
4.41458
4.72662
5.29549
5.33654
5.36104
5.42693
6.12485
6.66509
6.89191
6.91212
9.42125
10.1455
10.6976
11.86
12.0127
12.7745
14.8578
19.2441
25.3825
1464.83
1545.41
2081.94
2134.21
2307.87
2712.16
3227.61
Iteration: 30, Accuracy: 0.168728
Elapsed time: 126.717s
0.00433871
0.00878043
0.0134631
0.0217256
0.0266205
0.0393668
0.0443462
0.0628112
0.0664861
0.0901045
0.092189
0.102825
0.124805
0.139491
0.169554
0.181856
0.182005
0.20316
0.235058
0.241379
0.258159
0.272384
0.305267
0.330852
0.331462
0.339637
0.342574
0.353606
0.363063
0.401239
0.401243
0.455497
0.473051
0.497933
0.516301
0.54833
0.548759
0.553302
0.588021
0.662627
0.827815
1.15478
1.19651
1.23994
1.31549
1.37818
1.4293
1.48725
1.50771
1.70951
1.71902
1.87926
1.93199
1.93322
1.95806
2.02705
2.08726
2.1787
2.19001
2.2022
2.26787
2.40764
2.47678
2.47719
2.57594
2.59512
2.61565
3.03303
3.0693
3.10689
3.2576
3.29916
3.70117
3.80729
4.52448
4.7191
4.7985
4.8682
4.87448
6.3268
6.53108
6.64017
8.38138
8.52548
8.64316
9.97915
10.5789
12.02
13.8311
14.2017
16.5283
23.893
30.4105
1458.53
1552.21
2079.53
2128.28
2308.95
2713.32
3237.59
Iteration: 31, Accuracy: 0.168466
Elapsed time: 126.302s
0.00654214
0.0153889
0.0303764
0.0310616
0.0454694
0.058818
0.0595714
0.060017
0.0624728
0.0640909
0.0738799
0.101808
0.119711
0.134071
0.134457
0.13509
0.139079
0.168715
0.185521
0.225419
0.250419
0.263556
0.275092
0.279583
0.303252
0.312996
0.32188
0.350539
0.398534
0.403107
0.4125
0.49052
0.501174
0.567052
0.573671
0.657453
0.674178
0.687965
0.700055
0.728896
0.7747
0.777371
0.866632
0.95316
0.967717
1.02219
1.05608
1.10919
1.11045
1.15254
1.16457
1.33993
1.36378
1.38526
1.39536
1.47003
1.66988
1.81204
1.86221
1.90508
1.94823
2.03173
2.03273
2.0775
2.10487
2.18454
2.34281
2.78878
2.83983
2.97839
3.42114
3.54861
4.05986
4.24765
4.38621
5.18962
5.41058
5.67141
6.02378
6.6228
6.70223
6.84614
8.93857
9.08958
10.2634
10.2893
10.6248
10.9648
11.817
11.8904
16.6768
18.0795
31.5919
1473.47
1553.85
2085.87
2130.78
2311.25
2718.42
3253.55
Iteration: 32, Accuracy: 0.168454
Elapsed time: 126.525s
0.0417555
0.0443926
0.0682257
0.0946263
0.115913
0.141673
0.142406
0.158536
0.171114
0.171488
0.171533
0.180503
0.187543
0.205845
0.210622
0.214899
0.248614
0.276011
0.281102
0.288088
0.292791
0.32271
0.334438
0.340158
0.345348
0.413604
0.415988
0.417881
0.432918
0.457702
0.476673
0.481615
0.483233
0.526892
0.52864
0.554434
0.56926
0.580752
0.58778
0.631078
0.661452
0.682782
0.732985
0.820146
0.835104
0.84389
0.8573
0.909193
0.94842
1.08025
1.13297
1.15089
1.19878
1.21407
1.27166
1.44492
1.51472
1.54564
1.62745
1.64484
1.65152
1.72975
1.89849
1.93484
1.95389
2.23231
3.02273
3.23933
3.98757
4.23598
4.30976
4.36171
4.37338
4.74983
4.92608
5.06692
5.21602
5.21837
5.36285
5.60793
6.0694
6.24341
6.25132
6.62958
8.17689
8.40421
10.0459
10.7095
12.5878
15.463
16.8322
23.7065
24.993
1473.85
1549.39
2081.62
2139.73
2319.35
2716.99
3253.73
Iteration: 33, Accuracy: 0.168555
Elapsed time: 126.221s
0.0110177
0.025965
0.0271988
0.0359778
0.0545338
0.0635769
0.0732063
0.0839225
0.0939583
0.104793
0.116046
0.144529
0.175027
0.184517
0.18822
0.202613
0.206913
0.21192
0.217702
0.218599
0.277391
0.291471
0.34234
0.349974
0.354041
0.357102
0.37426
0.43373
0.465365
0.467775
0.469211
0.485645
0.565353
0.579741
0.605041
0.617588
0.639748
0.66313
0.671897
0.685554
0.711685
0.737178
0.777152
0.795562
0.798477
0.838228
0.877158
0.934171
0.971644
1.02103
1.02331
1.11535
1.13209
1.14795
1.17414
1.28232
1.3689
1.42375
1.50767
1.52498
1.68085
1.71394
1.7545
1.84427
1.84748
1.91502
2.1939
2.32821
2.42014
2.61381
2.7805
2.86633
3.10203
3.10526
3.45304
3.95992
4.0473
4.53686
5.18659
5.62088
5.65058
6.13385
6.61137
8.66476
9.10857
10.087
12.0355
12.9478
15.6618
15.9034
19.6869
22.8927
23.1197
1467.72
1558.77
2083.73
2139.66
2324.27
2709.68
3272.91
Iteration: 34, Accuracy: 0.168784
Elapsed time: 125.631s
0.0336967
0.0371681
0.0372058
0.0404237
0.0470769
0.0587728
0.0662281
0.0663928
0.0774683
0.106346
0.116929
0.131765
0.163624
0.167655
0.174173
0.185678
0.189231
0.205632
0.207729
0.213622
0.23842
0.239416
0.245368
0.269575
0.277419
0.324951
0.332238
0.337109
0.35273
0.369539
0.423578
0.434225
0.439196
0.499987
0.519663
0.552145
0.643563
0.658232
0.680656
0.812664
0.830354
0.871508
0.886048
0.899527
0.962297
0.998585
1.0001
1.09512
1.1083
1.1582
1.30925
1.34114
1.36353
1.5775
1.70179
1.81723
1.89012
2.08833
2.15206
2.29683
2.50505
2.57459
2.59731
2.66473
2.84998
2.85636
2.8577
2.88438
2.90579
2.9688
3.12529
3.15686
3.35156
3.3772
4.0402
4.42986
5.0635
6.11029
6.1827
6.80257
7.04508
7.47874
8.26287
9.02313
9.87693
11.0617
14.1303
15.2893
17.4455
20.0921
20.6836
22.0203
36.2521
1460.39
1559.84
2083
2144.43
2331.27
2714.17
3270.66
Iteration: 35, Accuracy: 0.168709
Elapsed time: 126.506s
0.00833079
0.0185378
0.0230322
0.0755794
0.0888578
0.10407
0.13765
0.137867
0.141978
0.163298
0.169303
0.203154
0.214438
0.284273
0.29442
0.310807
0.317413
0.354777
0.40435
0.429244
0.461189
0.469406
0.474663
0.477039
0.507876
0.571482
0.575498
0.57772
0.597843
0.610016
0.618798
0.641529
0.677488
0.680673
0.686097
0.786439
0.800797
0.842809
0.902413
0.905249
0.905989
0.934243
0.972335
0.978785
1.02222
1.0337
1.06494
1.11077
1.19299
1.20534
1.21353
1.30789
1.40037
1.40124
1.46803
1.53739
1.54406
1.74562
1.74951
1.80241
1.93417
1.93966
2.12883
2.15891
2.22995
2.34572
2.39109
2.45895
2.75239
3.01572
3.12604
3.14782
3.4485
3.4778
3.76234
4.00019
4.003
4.62098
4.70071
4.97433
6.21139
8.10645
9.2918
10.6336
11.1483
11.2008
12.5071
13.328
16.314
17.2093
20.6293
22.6903
39.2847
1461.14
1558.17
2085.07
2139.92
2331.38
2716.7
3273.99
Iteration: 36, Accuracy: 0.16852
Elapsed time: 126.493s
0.000493611
0.0213753
0.021512
0.0415942
0.04344
0.0437507
0.0437551
0.0449881
0.0517825
0.0645586
0.107327
0.114371
0.130571
0.130939
0.190443
0.195366
0.21904
0.219172
0.334447
0.336543
0.353195
0.396735
0.461537
0.467241
0.498764
0.501401
0.501758
0.512886
0.542416
0.570865
0.626213
0.663286
0.740169
0.751363
0.779855
0.79909
0.8137
0.906745
0.916033
0.923175
0.936316
0.96451
0.965797
1.13505
1.16788
1.24564
1.26018
1.2903
1.32784
1.36471
1.42768
1.44001
1.57357
1.64216
1.7683
1.8859
2.05624
2.23879
2.27725
2.29744
2.36237
2.45805
2.53471
2.54316
2.87299
2.90374
2.9332
3.1201
3.21579
3.65031
3.65232
3.6594
3.80082
3.80308
3.9095
4.05715
4.14654
4.78239
4.86768
5.19972
6.25826
6.88287
7.1552
8.53119
9.04782
9.1437
9.91198
10.198
17.3724
17.9182
21.4301
27.0947
27.6057
1445.6
1564.07
2081.54
2133.26
2327.6
2724.39
3265.85
Iteration: 37, Accuracy: 0.168322
Elapsed time: 125.974s
0.00818776
0.0154729
0.0167431
0.0444375
0.0484904
0.0561585
0.0622688
0.0800677
0.0807675
0.081929
0.0841572
0.102278
0.102475
0.113004
0.120563
0.128783
0.15211
0.192237
0.237539
0.245201
0.258611
0.268283
0.271221
0.273088
0.28961
0.321818
0.334994
0.343183
0.437338
0.441572
0.444872
0.504745
0.506455
0.536874
0.547465
0.564168
0.573365
0.592597
0.638705
0.861979
0.874161
0.911409
0.919369
0.946556
0.98338
1.11017
1.17787
1.53359
1.79779
1.8352
1.85261
1.87935
1.8914
1.96023
2.22909
2.29112
2.33555
2.43975
2.55899
2.86993
3.02858
3.5268
3.65523
3.72949
3.97181
3.97877
3.9816
4.06685
4.13407
4.4427
4.46216
4.81681
5.09825
5.20327
5.30701
5.74573
5.87975
6.02366
6.21734
6.4921
8.36149
8.72577
8.9717
9.01228
9.4758
10.6172
12.0355
13.6614
18.6134
23.1252
30.526
30.5752
33.5481
1456.81
1564.73
2078.56
2135.42
2323.56
2724.82
3280.93
Iteration: 38, Accuracy: 0.168436
Elapsed time: 126.2s
0.00704228
0.0175242
0.0176416
0.0256206
0.0273979
0.0286542
0.0625793
0.069229
0.0770152
0.0846475
0.0887936
0.0891212
0.098887
0.103495
0.106111
0.131378
0.137827
0.14937
0.149532
0.151577
0.151818
0.156184
0.174238
0.203984
0.213504
0.227771
0.232674
0.23948
0.263138
0.265248
0.267952
0.290616
0.29143
0.340292
0.347632
0.35774
0.381078
0.407937
0.450568
0.472107
0.503434
0.538766
0.584343
0.612897
0.73589
0.782428
0.826692
0.943546
1.03914
1.27968
1.29554
1.3099
1.48013
1.52864
1.52946
2.0031
2.05575
2.27617
2.35824
2.55665
2.59907
2.72871
2.75815
2.75835
2.89484
3.08708
3.72986
4.39531
4.59412
4.62159
6.22882
6.38602
6.43292
6.59997
6.82711
7.09072
8.08595
8.1009
8.21419
9.08291
9.18631
9.6926
10.4708
10.5045
10.9627
11.8419
12.5404
13.964
14.6548
16.2998
31.1125
35.7595
38.1352
1459.65
1556.98
2074.27
2124.06
2328.78
2716.41
3278.76
Iteration: 39, Accuracy: 0.168369
Elapsed time: 126.416s
0.01631
0.0302749
0.0459185
0.0739883
0.0812583
0.0837175
0.089633
0.0897263
0.0939563
0.102924
0.10501
0.186018
0.216888
0.253051
0.258579
0.273286
0.287257
0.305601
0.316846
0.327616
0.345459
0.347442
0.369293
0.370252
0.371368
0.381146
0.383914
0.431824
0.472227
0.473055
0.476472
0.478243
0.534076
0.540964
0.55273
0.559124
0.61592
0.640336
0.64192
0.673027
0.727868
0.734929
0.758105
0.773762
0.806405
0.857885
0.884413
1.07278
1.20734
1.35787
1.37673
1.42679
1.47983
1.51717
1.71372
1.86442
1.94059
2.11111
2.26961
2.35466
2.4547
2.88917
3.02747
3.05761
3.16564
3.36551
3.40533
4.15302
4.24982
4.67414
5.0086
5.45255
5.46959
5.6405
5.83898
6.18152
6.63522
6.70091
7.18798
7.47708
8.09525
8.27248
8.62056
12.1479
15.4157
15.6431
16.9214
18.8428
19.0279
22.2515
30.2135
30.8634
52.942
1468.43
1559.69
2065.8
2128.59
2335.45
2731.28
3285.11
Iteration: 40, Accuracy: 0.168258
Elapsed time: 126.604s
0.00293499
0.0187256
0.0191485
0.0273658
0.0750562
0.0944385
0.123296
0.131291
0.135133
0.144372
0.15381
0.167849
0.187939
0.195649
0.198471
0.199905
0.201726
0.223271
0.228357
0.252092
0.262283
0.270556
0.283763
0.286645
0.374592
0.399121
0.400874
0.408731
0.458363
0.463203
0.48204
0.483756
0.49554
0.609911
0.673273
0.712898
0.727049
0.766681
0.794014
0.828786
0.885646
0.89303
0.922469
0.933358
0.954251
0.985326
0.992866
1.10496
1.14658
1.14924
1.16436
1.20059
1.20184
1.31397
1.41568
1.50472
1.72617
1.85336
2.20039
2.40505
2.53335
2.70812
2.75101
3.09183
3.21109
3.85962
3.88769
3.90447
3.92872
4.62982
4.66383
4.74874
4.84783
4.91943
5.08478
5.65036
6.1079
6.62617
6.64643
6.77774
7.28494
7.74417
11.2185
12.3398
15.8751
16.0699
17.2785
18.4415
22.8126
30.5143
32.4774
33.7376
34.0477
1462.11
1561.93
2068.51
2131.86
2342.39
2714.48
3287.53
Iteration: 41, Accuracy: 0.168537
Elapsed time: 126.458s
0.000505764
0.0021685
0.00723095
0.0125666
0.015241
0.0263689
0.0425012
0.0882988
0.105987
0.120819
0.126459
0.128327
0.129916
0.132834
0.15259
0.164686
0.181163
0.194194
0.197526
0.198539
0.213898
0.229806
0.247535
0.287469
0.288016
0.357512
0.359663
0.460188
0.482884
0.506445
0.521445
0.530156
0.53948
0.565252
0.595657
0.610678
0.743003
0.801129
0.912985
0.971608
0.994694
1.04467
1.06414
1.0874
1.15739
1.1824
1.28121
1.31289
1.32034
1.38135
1.45181
1.51692
1.58103
1.63773
1.7278
1.76464
1.77438
1.86794
1.97773
2.10066
2.12664
2.14672
2.15245
2.23408
2.79532
2.79566
3.06965
3.16108
3.49979
3.91111
3.96473
4.73001
5.18587
5.90348
6.3615
6.82246
7.14713
7.79934
7.92392
7.95007
9.19327
10.0381
11.2468
12.9366
17.5179
19.5941
20.4403
20.7372
21.6368
24.1224
35.3044
36.2354
43.2629
1464.61
1553.18
2068.34
2127.48
2354.95
2718.07
3292.24
Iteration: 42, Accuracy: 0.168347
Elapsed time: 126.078s
0.011308
0.0129798
0.0502093
0.0534208
0.0765325
0.0927618
0.0999987
0.108939
0.137696
0.188129
0.19987
0.216638
0.219514
0.223354
0.224826
0.267449
0.27635
0.304034
0.304836
0.307494
0.309665
0.324624
0.326396
0.408178
0.423336
0.431657
0.434981
0.448929
0.505297
0.519754
0.538954
0.559549
0.568671
0.622852
0.685852
0.803144
0.804098
0.808794
0.885849
0.92026
0.930841
1.0043
1.0438
1.12254
1.1238
1.14139
1.16053
1.18995
1.23239
1.24063
1.25472
1.30056
1.35015
1.48544
1.50731
1.52279
1.60734
1.72742
1.73051
1.8666
1.92485
2.17341
2.29003
2.54297
2.64486
2.69587
3.03722
4.14689
4.16871
5.20309
5.33212
5.85352
6.87673
7.57166
7.59959
7.66693
8.4736
9.26568
10.2286
10.4151
11.0228
12.6137
17.2822
17.6288
18.1485
18.6651
19.3007
24.8862
26.1895
27.0096
37.2661
43.5604
48.1647
1466.38
1537.04
2077.97
2117.83
2356.44
2716.42
3289.8
Iteration: 43, Accuracy: 0.16827
Elapsed time: 127.317s
0.00322749
0.0236205
0.0241622
0.0402524
0.0424211
0.0486417
0.0520734
0.0693298
0.0792812
0.0800943
0.0962593
0.10605
0.118636
0.126474
0.156213
0.186468
0.205598
0.226106
0.263608
0.303723
0.30394
0.352121
0.382268
0.39793
0.417665
0.429107
0.442012
0.449002
0.469324
0.574229
0.582148
0.612688
0.623494
0.630956
0.632299
0.647399
0.721308
0.722142
0.776801
0.779381
0.818632
0.890684
0.905122
0.908248
0.957319
0.977435
1.01032
1.13152
1.25466
1.30752
1.38392
1.40452
1.68907
1.75482
1.77612
1.78558
1.85027
1.92178
1.94529
2.00642
2.09226
2.24
2.2542
2.2588
2.33169
2.63048
2.81161
3.31867
3.4663
3.50521
3.72228
3.77443
3.79266
4.84896
5.85636
6.76158
7.38468
7.76903
8.56886
8.58932
9.00083
9.73012
12.3616
13.7966
14.0951
19.8787
21.8956
23.125
24.9522
34.6103
37.4563
43.3213
60.3315
1466.74
1539.43
2076.21
2118.73
2361.39
2703.09
3298.83
Iteration: 44, Accuracy: 0.168385
Elapsed time: 126.318s
0.029366
0.0406164
0.0588193
0.0693625
0.0705041
0.0885434
0.0905955
0.119664
0.122024
0.13653
0.1479
0.155982
0.200102
0.200217
0.20145
0.20561
0.212433
0.236132
0.243576
0.24823
0.26264
0.277203
0.281799
0.301313
0.331785
0.360311
0.386266
0.455365
0.463904
0.483762
0.565106
0.576722
0.607464
0.685537
0.687954
0.810218
0.828217
0.858874
0.878568
0.879295
0.890437
0.897424
0.91728
0.983407
1.04222
1.04627
1.08591
1.27903
1.30739
1.32906
1.49997
1.57405
1.71539
1.8433
2.0493
2.4274
2.53676
2.95564
2.96222
3.13739
3.24607
4.38738
4.48278
4.55423
4.63027
4.96888
5.05508
5.49627
5.9367
6.25863
6.73906
6.85896
6.9845
6.98609
7.34257
7.42273
7.60428
8.48981
9.78041
9.87262
10.1578
10.237
12.5424
17.1608
18.0042
18.7204
22.1203
26.0235
26.7839
33.9545
48.9486
57.4174
67.4597
1480.02
1533.02
2066.99
2111.87
2362.37
2714.91
3292.03
Iteration: 45, Accuracy: 0.168265
Elapsed time: 127.086s
0.00959338
0.0273648
0.0514497
0.0629074
0.0865176
0.0950412
0.109415
0.141922
0.186723
0.235849
0.246993
0.262137
0.266554
0.277617
0.292267
0.305051
0.30936
0.311078
0.348782
0.354073
0.462863
0.515707
0.540928
0.548111
0.591449
0.613139
0.659019
0.693286
0.700862
0.710575
0.714279
0.716209
0.737519
0.803406
0.811525
0.843486
0.98655
1.0186
1.03527
1.08099
1.1261
1.12762
1.13948
1.15616
1.17138
1.17681
1.18196
1.27078
1.32205
1.33464
1.37383
1.39371
1.43139
1.47602
1.53218
1.72041
1.80962
1.87912
2.27021
2.71624
3.1592
3.5978
3.64957
3.70476
4.07593
4.1914
4.38055
4.41156
4.54919
4.62815
4.91849
5.46248
6.01238
6.11047
6.60405
7.35478
7.40895
7.52586
8.05975
8.43408
8.89739
11.0193
13.57
19.3792
20.4275
21.1282
23.2224
24.6195
25.785
30.9604
54.1996
66.0269
86.5153
1484.17
1543.34
2059.91
2113.17
2361.44
2714.68
3300.31
Iteration: 46, Accuracy: 0.168277
Elapsed time: 125.103s
0.00961314
0.0515005
0.0864613
0.122029
0.127962
0.158366
0.168467
0.176787
0.178485
0.186141
0.186281
0.197288
0.198813
0.211922
0.214237
0.215685
0.242554
0.252594
0.253269
0.289732
0.298534
0.308489
0.328498
0.358407
0.379167
0.384325
0.429921
0.5203
0.555651
0.580403
0.622488
0.678851
0.767248
0.846077
0.893354
1.02205
1.11494
1.13856
1.14103
1.14311
1.17369
1.19572
1.21342
1.22588
1.24019
1.42854
1.44079
1.47504
1.70412
1.78607
1.82042
1.86901
1.92995
1.97856
2.01235
2.14663
2.14773
2.16418
2.19177
2.42591
2.4999
2.83603
3.11754
3.52138
3.61145
3.67104
3.87924
3.99314
4.68514
4.85968
5.03091
5.30569
5.43454
5.48288
5.62193
6.01506
7.29157
8.10023
9.65697
9.66594
11.4176
11.6325
12.0954
18.516
20.3369
22.5139
23.697
28.9006
29.2553
49.0726
55.4088
62.2852
104.81
1481.45
1549.76
2063.33
2119
2362.09
2704.52
3294.46
Iteration: 47, Accuracy: 0.168186
Elapsed time: 126.472s
0.00982809
0.0123582
0.0170934
0.0355557
0.063859
0.0780204
0.0906548
0.0952068
0.0973578
0.103418
0.106996
0.108294
0.120809
0.136727
0.142352
0.151848
0.186464
0.238773
0.252678
0.287198
0.289324
0.297259
0.307079
0.330047
0.351272
0.35335
0.3698
0.4673
0.485057
0.57684
0.595916
0.66837
0.731113
0.760932
0.769629
0.771832
0.849623
0.85913
0.899736
0.923423
0.928434
0.97502
0.981818
1.02265
1.04808
1.05741
1.09149
1.16054
1.20708
1.31268
1.34072
1.37415
1.43066
1.53024
1.78571
1.86504
1.9025
1.95882
2.18716
2.43911
2.46455
2.61522
2.71226
2.77682
2.85193
3.18541
3.40708
3.47442
3.7461
3.80772
5.74239
5.86758
6.84345
8.28064
8.31081
8.69965
9.19299
9.65363
11.4319
11.9293
13.2367
13.7199
13.7675
15.7636
17.4227
17.6022
20.3415
29.9846
34.6414
51.6319
59.6068
65.8027
114.065
1479.6
1556.8
2061.98
2115.86
2361.17
2695.16
3296.97
Iteration: 48, Accuracy: 0.168298
Elapsed time: 127.772s
0.00597194
0.00608217
0.0271916
0.0351404
0.0776506
0.105788
0.110027
0.117056
0.12324
0.130464
0.147747
0.18283
0.194711
0.204085
0.204638
0.220162
0.237861
0.243374
0.260068
0.280616
0.30332
0.304563
0.317514
0.319509
0.334404
0.359968
0.373581
0.412773
0.430983
0.442036
0.45972
0.51819
0.602066
0.685321
0.762751
0.767381
0.788172
0.833191
0.853957
0.870978
0.923399
1.00569
1.02092
1.04072
1.16678
1.21947
1.2766
1.33682
1.39578
1.52585
1.5898
1.58999
1.67086
1.67637
1.82409
1.82795
1.83012
2.04533
2.08602
2.20969
2.23338
2.28162
2.32036
2.35507
2.50807
2.54974
2.88603
3.24125
3.24131
3.58567
3.65968
3.90473
4.32314
4.56757
4.6716
5.16584
5.46848
7.62504
7.67512
7.86647
8.44759
8.99555
9.01644
10.3265
11.9961
16.3164
19.0239
28.3313
35.2377
59.2347
60.9085
76.6942
130.047
1454.36
1550.34
2057.37
2108.3
2376.78
2703.09
3306.46
Iteration: 49, Accuracy: 0.168312
Elapsed time: 128.146s
0.0147469
0.0262598
0.0500409
0.0831548
0.0862417
0.108136
0.115305
0.158849
0.160399
0.179861
0.182924
0.191449
0.198073
0.236285
0.242467
0.249346
0.263876
0.273159
0.27359
0.283898
0.315426
0.328867
0.370233
0.385577
0.412484
0.456313
0.466324
0.475036
0.486757
0.522917
0.568747
0.611588
0.614416
0.665617
0.71377
0.821106
0.825897
0.828726
0.868448
0.901721
0.920584
0.971586
1.06976
1.11906
1.16607
1.27861
1.4413
1.64145
1.67703
1.75171
1.76538
1.83081
1.97881
2.09979
2.24323
2.2647
2.35377
2.59457
2.79802
2.82811
2.93969
2.94245
2.96061
3.06333
3.08599
3.10089
3.1114
3.26041
3.26105
3.43213
3.53239
3.53818
3.63976
4.02777
4.25577
4.4354
5.06006
5.16291
5.50707
6.77602
8.08498
8.32293
9.62888
10.8092
11.9432
13.4914
18.2641
26.977
30.5609
65.5314
68.09
80.7149
169.024
1452.58
1548.55
2052.03
2112.15
2380.9
2716.21
3309.84
Iteration: 50, Accuracy: 0.168499
Elapsed time: 131.404s
0.000654214
0.00807713
0.0132301
0.0155149
0.0258394
0.0304506
0.0315199
0.034915
0.0510561
0.0512472
0.0530827
0.0695199
0.0718281
0.0743136
0.0869791
0.0890906
0.0991764
0.108348
0.116186
0.118917
0.12921
0.140691
0.187267
0.189253
0.211625
0.231273
0.233377
0.244296
0.251586
0.255325
0.305175
0.313084
0.413965
0.474711
0.688008
0.897735
0.902877
1.04422
1.12588
1.12891
1.15984
1.18555
1.21844
1.25193
1.26267
1.27559
1.27754
1.29021
1.29894
1.31756
1.33124
1.4166
1.45901
1.57789
1.6251
1.74582
1.88778
1.97195
2.09161
2.25966
2.37402
2.4349
2.62481
2.88469
3.11502
3.20527
3.25827
3.6826
3.92836
3.92971
4.19663
4.47766
4.76641
5.21459
5.56252
5.86855
5.88082
6.24586
6.55282
6.82756
7.48905
8.37458
8.58931
12.1921
13.1283
13.5625
18.7916
26.7899
32.1958
58.3869
68.1322
83.8697
207.159
1457.52
1543.21
2040.17
2109.17
2385.93
2714.65
3307.9
Iteration: 51, Accuracy: 0.168291
Elapsed time: 131.66s
0.0151104
0.0152564
0.0165636
0.0312698
0.0461172
0.0623691
0.0686837
0.0714814
0.0871984
0.105975
0.110397
0.119039
0.120035
0.121493
0.135012
0.14154
0.168355
0.178751
0.18794
0.198156
0.22578
0.248753
0.254737
0.268786
0.282559
0.311257
0.315104
0.368934
0.395225
0.458886
0.501533
0.516224
0.535664
0.549433
0.591499
0.628852
0.66709
0.756093
0.789112
0.826264
0.894254
0.899705
1.02003
1.0305
1.11677
1.13231
1.13657
1.20175
1.25367
1.26071
1.26945
1.30635
1.30844
1.3342
1.38555
1.44454
1.5024
1.80096
1.90947
1.9131
1.97026
2.02502
2.14335
2.28372
2.6325
2.73945
2.82154
2.85971
4.31191
4.32114
4.60514
4.62427
4.93201
5.96009
6.34319
6.72524
7.18073
7.51071
7.7681
7.93876
8.17985
10.0767
10.2997
10.5153
14.366
15.1383
19.5778
22.0513
31.1026
55.4616
56.1293
81.7944
250.495
1462.05
1544.74
2052.14
2101.85
2384.43
2719.56
3304.6
Iteration: 52, Accuracy: 0.168496
Elapsed time: 129.482s
0.0103604
0.0103665
0.0191589
0.0195656
0.0388719
0.0497421
0.0505656
0.0655053
0.0874749
0.0932884
0.0954643
0.0982703
0.0983075
0.104331
0.109958
0.129422
0.131383
0.145383
0.153147
0.153679
0.185532
0.186888
0.191012
0.193156
0.202268
0.210717
0.256063
0.264376
0.298192
0.298474
0.302432
0.308617
0.333362
0.339326
0.346468
0.366429
0.383475
0.396892
0.39755
0.406922
0.425632
0.506371
0.546647
0.640153
0.645119
0.671196
0.683642
0.846477
0.887383
0.894504
0.94246
1.09693
1.1216
1.27817
1.43547
1.49888
1.5336
1.83509
2.17658
2.52963
2.56859
2.83651
3.05136
3.41719
3.4206
3.51911
3.8985
3.90886
4.31014
4.78099
4.78615
5.21257
5.57106
5.88887
5.93958
5.9525
6.88769
7.26073
7.98051
8.42307
8.97747
10.399
11.5944
13.8105
16.7335
19.4914
19.4959
25.1458
44.1748
63.7194
67.7335
88.8522
302.006
1454.7
1533.57
2055.1
2091.2
2387.03
2733.97
3309.31
Iteration: 53, Accuracy: 0.16861
Elapsed time: 129.523s
0.000584485
0.00640112
0.0299798
0.0500486
0.0516367
0.0672457
0.0714678
0.0977376
0.120985
0.129867
0.132238
0.133938
0.172648
0.173146
0.179588
0.188197
0.196716
0.198929
0.231258
0.279188
0.294867
0.307124
0.307821
0.323728
0.337695
0.356109
0.403354
0.425935
0.462796
0.568366
0.580896
0.623125
0.645618
0.648581
0.659719
0.69563
0.704928
0.708616
0.721957
0.726014
0.733627
0.770574
0.849985
0.851271
0.856864
0.931189
0.934502
1.21044
1.4416
1.55633
1.67805
1.69064
1.72026
1.75196
1.85906
1.91875
1.98257
1.98376
1.99777
2.09485
2.22115
2.29324
2.55753
2.60154
2.69435
2.8763
2.98055
3.60777
3.64343
3.8141
3.87826
4.75189
4.77648
4.98306
5.1174
5.3305
5.37533
5.68059
5.91463
6.08525
7.79441
11.2268
11.6488
12.6895
17.21
17.8182
20.7922
26.1986
36.6981
69.2477
71.0559
95.9538
350.94
1451.98
1529.47
2057.82
2090.76
2387.78
2741
3291.16
Iteration: 54, Accuracy: 0.168549
Elapsed time: 127.997s
0.00534787
0.0267381
0.029706
0.0318385
0.0319994
0.0409119
0.0420609
0.0519923
0.0620661
0.104235
0.10993
0.117617
0.122337
0.132599
0.142781
0.159638
0.163051
0.18126
0.24142
0.283952
0.308198
0.318438
0.325
0.377948
0.402725
0.421553
0.422737
0.436552
0.468714
0.580412
0.594245
0.628527
0.68154
0.700746
0.724383
0.750575
0.857879
0.910025
1.07058
1.08896
1.12573
1.14628
1.18136
1.24932
1.25547
1.43458
1.50976
1.51703
1.59665
1.70576
1.79883
1.82367
1.83614
1.97229
2.05006
2.35061
2.35314
2.46868
2.57525
2.73515
2.75916
2.98775
3.14719
3.29312
3.79745
3.95285
4.08675
4.40617
4.55159
4.62675
4.66866
4.88174
4.97313
5.0445
5.22902
5.47281
5.6529
5.71354
5.96892
6.2119
7.76163
8.96951
9.97427
12.1956
14.0776
20.1012
25.4129
27.9367
29.746
68.3671
76.0605
99.6093
406.587
1458.82
1528.57
2066.6
2083.55
2390.18
2732.26
3301.3
Iteration: 55, Accuracy: 0.168665
Elapsed time: 133.917s
0.00802345
0.0240559
0.0367166
0.0543527
0.0626064
0.0701308
0.0702614
0.0746477
0.0828677
0.110578
0.151425
0.206182
0.210536
0.217926
0.220879
0.225152
0.228818
0.314529
0.335839
0.34831
0.354796
0.371523
0.386498
0.394376
0.403083
0.409831
0.42164
0.486408
0.514593
0.527579
0.535181
0.590921
0.614403
0.636322
0.668632
0.738116
0.739585
0.775254
0.828969
0.835707
0.84737
0.915728
1.03535
1.12353
1.15932
1.21287
1.24933
1.32919
1.5574
1.58112
1.73637
1.98051
2.36195
2.44575
2.47235
2.63443
2.64632
2.77708
2.82865
2.94171
3.24304
3.51974
3.55884
3.69749
4.00328
4.33075
4.38791
4.41069
5.01162
5.30945
5.57755
5.9114
6.02566
6.20959
6.46301
7.06582
7.14227
7.69717
9.9253
10.2637
10.805
11.0302
11.0617
11.772
13.1474
17.4496
17.901
23.3839
23.7609
79.1781
80.8301
118.979
471.768
1462.59
1535.93
2055.5
2095.89
2396.46
2736.59
3306.73
Iteration: 56, Accuracy: 0.168498
Elapsed time: 135.862s
0.0011327
0.0135063
0.0249935
0.0320445
0.0963276
0.0983442
0.110172
0.110223
0.11151
0.118816
0.120689
0.136198
0.159503
0.184289
0.246409
0.265746
0.26979
0.285175
0.315242
0.31551
0.363039
0.374868
0.384757
0.408849
0.45723
0.476943
0.512101
0.528665
0.538864
0.550883
0.604209
0.606484
0.613476
0.694035
0.748141
0.949544
0.98246
0.994402
0.999098
1.03843
1.06233
1.06905
1.1164
1.14406
1.17877
1.23188
1.32233
1.38361
1.5377
1.55798
1.59136
1.62295
1.73074
1.78825
2.17583
2.22267
2.40292
2.4115
2.60863
2.80787
3.00432
3.05482
3.28297
3.54203
3.66863
3.77852
3.77987
4.21226
4.50442
4.8474
5.11586
5.39506
5.72145
8.16473
8.49488
8.54308
9.81563
10.3517
11.1308
11.4382
12.0954
12.2131
14.0646
14.5328
15.6782
15.7878
20.2551
21.8956
24.1114
94.5541
100.492
124.14
513.141
1462.06
1525.66
2054.25
2094.57
2394.35
2727.36
3315.36
Iteration: 57, Accuracy: 0.168701
Elapsed time: 127.208s
0.0012894
0.00515226
0.011583
0.0165072
0.0226102
0.0268535
0.0323768
0.0473913
0.0605359
0.0975187
0.0982792
0.122323
0.131684
0.155211
0.165631
0.168341
0.177182
0.247574
0.265028
0.273689
0.29943
0.3365
0.352415
0.368359
0.451944
0.454343
0.527983
0.548225
0.663925
0.694453
0.717333
0.718332
0.771779
0.777354
0.799174
0.806922
0.83309
0.851711
0.858253
0.896675
0.935338
0.946061
1.04417
1.05226
1.11011
1.21799
1.30915
1.30915
1.31968
1.47439
1.50347
1.57695
1.67638
1.68255
1.71856
1.72126
2.15752
2.17472
2.29642
2.58525
2.69687
2.77566
3.072
3.31092
3.32667
3.46799
3.47971
3.6228
3.69349
3.77404
3.87991
4.19751
4.58348
5.58203
6.14313
6.4686
6.47477
6.48245
6.90265
8.4729
8.72013
9.52513
9.79798
11.2923
14.782
18.8882
19.3163
23.0513
34.9774
100.332
117.423
143.716
567.728
1456.25
1525.7
2044.42
2086.26
2404.86
2720.3
3327.11
Iteration: 58, Accuracy: 0.168581
Elapsed time: 129.964s
0.00795676
0.0201014
0.0222101
0.0228549
0.0418915
0.0576509
0.0645788
0.0676087
0.0689267
0.0725636
0.0744328
0.0761677
0.0822338
0.0971451
0.109903
0.113687
0.115135
0.122122
0.145097
0.159554
0.178069
0.189302
0.197512
0.206589
0.227201
0.23301
0.263961
0.300476
0.305974
0.329417
0.33415
0.420632
0.484999
0.555526
0.642314
0.675625
0.676461
0.700957
0.734592
0.744644
0.760359
1.00874
1.04369
1.04512
1.09461
1.13446
1.31245
1.38704
1.39907
1.47191
1.54703
1.78496
1.845
1.86691
1.88647
2.00111
2.07469
2.08687
2.15997
2.20599
2.26625
2.4208
2.47535
2.7491
2.84532
3.03549
3.15941
3.21822
3.79401
4.4079
4.78058
5.07369
5.08327
5.27875
5.58247
6.31218
7.21082
7.9403
8.11818
8.28243
9.45101
10.5032
13.5732
14.4762
16.725
23.0945
25.802
27.9551
44.282
113.615
130.003
165.241
603.508
1449.31
1528.7
2048.05
2093.94
2413.37
2724.47
3326.8
Iteration: 59, Accuracy: 0.168523
Elapsed time: 127.619s
0.000502664
0.0122707
0.0317663
0.0354064
0.0674738
0.0716205
0.0716541
0.0893668
0.0903711
0.111866
0.137787
0.148913
0.15753
0.173113
0.178213
0.17854
0.188567
0.191309
0.195286
0.215781
0.273053
0.277929
0.288888
0.321428
0.342648
0.344177
0.350878
0.368954
0.371247
0.383075
0.3908
0.393985
0.408481
0.444375
0.465128
0.474607
0.502721
0.633436
0.637368
0.72199
0.72802
0.809856
0.824828
0.861281
0.874236
0.874597
0.916834
0.920011
0.944155
0.986077
0.990071
1.02487
1.12482
1.35716
1.41748
1.69187
1.98331
1.98587
2.00134
2.13852
2.50052
2.77903
3.22115
3.27751
3.81669
4.06373
4.15009
4.29554
4.39868
4.47256
4.6052
4.78204
5.15415
5.20393
5.30366
5.36303
5.79016
6.14131
7.29778
7.33437
8.2967
8.81863
10.5147
15.0285
15.5313
18.7419
25.2115
27.6067
58.9254
137.324
145.782
199.537
624.186
1447.88
1528.7
2059.68
2107.09
2423.42
2726.13
3329.05
Iteration: 60, Accuracy: 0.168588
Elapsed time: 113.815s
0.00432485
0.00611671
0.0145861
0.0267699
0.0333237
0.0349249
0.0597091
0.0694475
0.104395
0.111849
0.112417
0.170541
0.199265
0.233998
0.265237
0.26616
0.298653
0.311101
0.353794
0.36361
0.367743
0.367803
0.384978
0.422295
0.436912
0.453955
0.456211
0.49837
0.505277
0.522262
0.547898
0.602473
0.824339
0.836334
0.842534
0.848208
0.955899
0.970826
0.986865
1.08505
1.08708
1.11923
1.14879
1.34876
1.37184
1.37732
1.41078
1.42309
1.57823
1.68411
1.8062
1.86086
1.8769
1.96026
1.99599
2.30067
2.43934
2.46153
2.89163
2.89217
3.06415
3.10635
3.57022
3.57572
3.85072
3.94784
3.95518
4.08355
4.14666
4.25501
4.69459
4.73134
4.77146
5.05369
5.08493
5.5837
5.62549
6.10876
6.20254
6.24003
6.85469
10.6081
10.6497
10.97
13.2105
19.1471
20.7145
22.9823
49.7325
164.445
166.071
245.48
653.063
1442.21
1528.45
2065.31
2100.49
2426.51
2745.89
3345.97
Iteration: 61, Accuracy: 0.168473
Elapsed time: 112.264s
0.00597228
0.0203762
0.0250516
0.0351285
0.0583152
0.0757036
0.078383
0.0879525
0.091316
0.094089
0.107503
0.115966
0.12321
0.125222
0.144804
0.202288
0.227388
0.231667
0.273666
0.287586
0.305707
0.313651
0.351855
0.363027
0.368335
0.375823
0.432547
0.505022
0.519941
0.555608
0.561856
0.57057
0.647817
0.680759
0.696795
0.933453
0.939504
1.01256
1.15899
1.18196
1.19536
1.19902
1.53489
1.54978
1.5926
1.6162
1.70652
1.89671
2.02193
2.11081
2.15153
2.22603
2.39648
2.46477
2.46588
2.60719
2.79483
3.46078
3.61185
3.64459
4.26464
4.38682
4.52221
4.67199
5.01932
5.07373
5.29987
5.37163
5.61201
5.70208
5.76088
5.88813
5.94421
5.96788
8.03096
8.20819
9.67358
9.75016
10.4739
10.6008
11.2501
11.5814
12.0974
12.3171
13.7884
14.424
20.0255
29.1428
51.8109
187.673
188.117
305.714
660.082
1451.63
1536.72
2062.07
2094.67
2428.1
2747.59
3349.28
Iteration: 62, Accuracy: 0.16854
Elapsed time: 111.204s
