0.0175948
0.0563218
0.0658426
0.0692274
0.0857328
0.106401
0.114058
0.118885
0.139603
0.147369
0.153869
0.212938
0.216346
0.287164
0.481407
0.518477
0.539359
0.54412
0.693112
0.743989
0.804913
0.822953
1.02598
1.03039
1.064
1.15037
1.28881
1.92206
4.20566
6.38338
16.8773
18.5592
22.4096
45.414
58.6114
102.855
151.82
293.747
493.098
938.114
Iteration: 0, Accuracy: 0.22012
Elapsed time: 42.25s
0.0596207
0.0690194
0.130614
0.189772
0.208602
0.208895
0.22746
0.24359
0.248126
0.264504
0.265696
0.279832
0.325649
0.360888
0.40149
0.614268
0.692423
0.746665
0.767654
1.11637
1.16757
1.2233
1.23302
1.4473
1.49481
1.7095
1.89969
1.90446
1.97178
3.67546
26.1106
28.5301
49.7117
132.998
181.93
385.867
586.633
812.383
1276.8
2178.63
Iteration: 1, Accuracy: 0.200884
Elapsed time: 42.706s
0.0347112
0.0348976
0.0949892
0.110295
0.217999
0.246703
0.344599
0.372918
0.396066
0.48557
0.519257
0.585688
0.61666
0.65848
0.666022
0.780095
0.780434
0.950318
1.05203
1.06358
1.09549
1.10894
1.17418
1.37808
1.48047
1.61961
1.62201
1.66155
1.79271
1.88418
2.00921
4.41435
29.9101
246.495
287.641
636.252
844.338
1041.54
1538.04
2487.95
Iteration: 2, Accuracy: 0.191951
Elapsed time: 43.009s
0.00600752
0.0190825
0.106405
0.130809
0.160689
0.174483
0.230012
0.231403
0.236162
0.29733
0.298167
0.300659
0.306973
0.362381
0.40493
0.447847
0.496537
0.599031
0.6014
0.609387
0.647856
0.760842
0.772449
0.793108
0.819166
1.08786
1.39156
1.66173
1.70562
1.85356
1.93961
3.23411
20.1973
363.493
492.026
815.927
1012.32
1254.2
1675.28
2644.6
Iteration: 3, Accuracy: 0.186483
Elapsed time: 41.548s
0.0520487
0.0654532
0.0691815
0.15074
0.153344
0.27518
0.332634
0.393117
0.416508
0.419299
0.44316
0.463514
0.507345
0.530029
0.541869
0.617284
0.618411
0.638156
0.650138
0.652173
0.693462
0.893367
0.958201
1.00491
1.31089
1.31563
1.55097
1.56562
2.22186
3.52406
3.69519
3.83516
6.98883
439.95
710.792
1060.15
1299.73
1516.59
1802.29
2795.34
Iteration: 4, Accuracy: 0.181353
Elapsed time: 41.844s
0.0920752
0.0930659
0.0994016
0.119623
0.166517
0.29781
0.392327
0.532829
0.564746
0.665795
0.716837
0.730565
0.823347
0.831475
0.855385
0.882395
0.905094
0.926921
0.94798
1.15481
1.37795
1.5482
1.57237
1.69544
1.71852
1.76951
1.86314
2.40351
2.55975
2.59941
2.76051
3.25857
3.5245
541.294
851.363
1213.2
1496.06
1673.3
1908.84
2901.11
Iteration: 5, Accuracy: 0.178156
Elapsed time: 42.653s
0.0563722
0.10408
0.147384
0.147535
0.191102
0.193102
0.305856
0.448712
0.477051
0.547897
0.562412
0.584227
0.589644
0.602583
0.713981
0.770097
0.771312
0.847964
1.03371
1.08003
1.19957
1.37493
1.46625
1.48137
1.55123
1.76804
1.76874
1.8166
2.20918
2.35828
2.58544
2.71167
5.11482
598.911
931.02
1306.53
1621.67
1735.79
1962.4
2950.31
Iteration: 6, Accuracy: 0.176624
Elapsed time: 41.864s
0.0679886
0.0692129
0.0868252
0.135244
0.160093
0.214425
0.560556
0.564295
0.626993
0.706858
0.729957
0.73889
0.750576
0.751423
0.828088
0.842056
0.889891
0.929274
0.96119
0.997984
1.06012
1.23802
1.56428
1.72959
1.92464
2.29886
2.3548
2.42902
2.52742
3.02177
3.24549
3.45358
3.99663
680.632
1000.27
1383
1723.09
1784.7
2015.33
2984.37
Iteration: 7, Accuracy: 0.17566
Elapsed time: 41.623s
0.0508675
0.0541544
0.141711
0.156834
0.184008
0.205478
0.222279
0.229882
0.273162
0.31101
0.332002
0.402638
0.556139
0.613352
0.621927
0.701421
0.734423
0.877771
0.891948
0.97079
1.01143
1.01414
1.08958
1.1057
1.20025
1.49274
1.68032
1.98251
2.24912
2.58362
3.17393
6.68643
6.7863
772.996
1072.35
1464.53
1787.51
1841.72
2077.69
3015.97
Iteration: 8, Accuracy: 0.174614
Elapsed time: 43.185s
0.0077266
0.0885751
0.0987845
0.197896
0.268224
0.28206
0.314214
0.349304
0.380405
0.389591
0.393539
0.412077
0.421283
0.424897
0.453008
0.517228
0.526449
0.70348
0.720665
0.745433
0.750759
0.774901
0.817751
0.882411
1.48225
1.54802
1.70314
2.05173
2.28029
2.73762
3.07121
4.17817
4.33167
873.454
1135.02
1526.28
1835.1
1883.87
2112.09
3054.49
Iteration: 9, Accuracy: 0.173485
Elapsed time: 42.368s
0.0127031
0.0347442
0.0559476
0.0571413
0.0983189
0.116736
0.136643
0.209841
0.261111
0.439219
0.456013
0.523171
0.641689
0.903089
0.935738
0.984335
1.10047
1.26881
1.30926
1.38695
1.45553
1.66236
1.97876
2.06514
2.3607
2.47349
3.30385
3.47581
4.66762
5.53002
5.7349
6.56669
6.57383
995.882
1179.71
1601.02
1860.54
1927.88
2121.69
3075.11
Iteration: 10, Accuracy: 0.172781
Elapsed time: 42.274s
0.0462975
0.0641737
0.0817804
0.138239
0.157397
0.180018
0.198182
0.263543
0.29071
0.335664
0.383102
0.407604
0.449045
0.613063
0.682876
0.691115
1.2484
1.49572
1.55487
1.75942
1.80893
2.05782
2.14986
2.81749
3.59267
4.11734
4.30467
4.46422
7.44138
7.59895
8.09993
9.11681
10.764
1097.18
1230.89
1671.11
1887.51
1959.65
2140.85
3100.53
Iteration: 11, Accuracy: 0.171931
Elapsed time: 42.764s
0.0203938
0.05298
0.115197
0.125544
0.160808
0.226952
0.350635
0.526295
0.535238
0.543748
0.680414
0.706758
0.779613
0.809095
1.03478
1.32771
1.6141
1.65991
1.78377
2.14214
2.18307
2.18881
2.24542
2.74837
3.35579
5.38226
5.60884
7.52742
8.73493
10.0794
11.2757
12.3924
15.2061
1166.5
1268.73
1714.69
1897.05
2002.4
2158.8
3130.2
Iteration: 12, Accuracy: 0.171314
Elapsed time: 42.512s
0.0842084
0.0963882
0.109349
0.299925
0.313772
0.352833
0.430326
0.48892
0.548098
0.550137
0.576648
0.628906
0.700921
0.809872
0.831248
0.896712
1.14333
1.25826
1.27419
1.40582
1.4448
1.7265
2.43754
2.80747
3.17783
4.39905
6.41714
8.03175
8.51562
11.8817
15.7483
17.4086
20.5085
1206.35
1292.63
1777.9
1925.29
2030.52
2179.52
3148.54
Iteration: 13, Accuracy: 0.17084
Elapsed time: 42.012s
0.0268024
0.0416221
0.0682713
0.070259
0.0703107
0.0936746
0.17037
0.213077
0.256257
0.464658
0.711359
0.819668
1.01701
1.1031
1.63285
1.91893
2.02557
2.04861
2.14493
2.18268
2.93165
3.51542
3.79488
4.12097
4.4013
5.75315
9.00152
9.4667
10.1224
14.3991
14.6327
15.3131
17.0413
1244.51
1319.7
1821.31
1954.89
2075.04
2210.82
3182.84
Iteration: 14, Accuracy: 0.170498
Elapsed time: 44.736s
0.0915127
0.122596
0.127493
0.229222
0.421909
0.517328
0.592239
0.608319
0.685287
0.823309
1.71215
1.72552
1.89445
2.29359
2.78013
2.96786
3.66598
4.24444
4.74037
4.89375
5.21514
5.80845
5.82343
7.38719
7.47795
8.36895
9.63044
9.70778
10.3147
11.1605
12.0353
12.8999
13.7861
1271.36
1341.02
1857.94
1963.13
2093.29
2231.48
3208.54
Iteration: 15, Accuracy: 0.170343
Elapsed time: 43.483s
0.050205
0.143765
0.156181
0.388593
0.431487
0.453908
0.525898
0.556043
0.616605
1.04426
1.25324
1.98659
2.76709
3.13268
3.82207
4.22712
4.23735
4.44296
4.97883
5.18981
6.43528
6.62518
8.72449
10.1746
11.2045
11.7909
13.5708
13.586
14.1154
15.5716
15.6454
15.6806
18.606
1297.87
1364.39
1885.88
1973.67
2105.61
2231.2
3231.56
Iteration: 16, Accuracy: 0.169891
Elapsed time: 42.469s
0.0123314
0.0303951
0.151944
0.155734
0.248303
0.294498
0.311279
0.485073
0.535041
0.637758
0.641137
0.74144
1.03109
1.06645
1.39234
2.07224
2.82511
3.14024
3.95021
4.61254
4.93215
5.1438
5.44253
6.63611
7.62761
7.79259
9.18991
9.70528
10.7216
13.6375
16.8597
24.7529
28.8234
1318.43
1371.92
1919.22
1990.15
2125.33
2240.82
3239.26
Iteration: 17, Accuracy: 0.169827
Elapsed time: 41.484s
0.00567313
0.0235346
0.10737
0.109094
0.173437
0.174716
0.2339
0.305786
0.362844
0.587653
0.657872
0.897338
0.924139
1.04573
1.29411
1.3358
2.0981
2.18002
2.4793
3.5776
3.8432
5.22832
5.73949
5.96631
6.11839
6.69752
7.32499
8.18899
11.5706
13.063
14.9888
24.0201
29.23
1333.05
1379.45
1950.82
2006.24
2150.23
2244.71
3269.32
Iteration: 18, Accuracy: 0.169708
Elapsed time: 42.492s
0.0207312
0.0615318
0.181385
0.210091
0.258926
0.393685
0.502698
0.507262
0.766173
0.811833
1.0331
1.07965
1.23573
1.38923
2.57981
3.13316
3.32312
3.47995
3.65799
4.56537
4.58693
4.87547
4.90884
5.40695
5.90472
5.91099
6.39693
6.4192
7.3741
8.60643
12.1269
30.3059
43.5679
1342.13
1379.5
1979.31
2014.09
2149.29
2254.44
3274.32
Iteration: 19, Accuracy: 0.169423
Elapsed time: 42.873s
0.0459495
0.143414
0.16461
0.203885
0.347849
0.361691
0.393668
0.438609
0.507245
0.51282
0.52335
0.692881
0.717896
0.768708
0.894518
1.11305
1.27167
1.9031
2.47592
2.73594
4.04445
4.14646
4.25082
5.31406
5.82876
6.59558
7.34965
7.50771
8.98283
10.1694
17.434
22.2557
52.2105
1352.06
1392
1998.79
2006.08
2165.15
2267.97
3289.97
Iteration: 20, Accuracy: 0.169337
Elapsed time: 42.031s
0.0233908
0.0621644
0.0644172
0.0990255
0.138672
0.16005
0.224354
0.605159
0.684254
0.747843
1.041
1.06981
1.14078
1.3155
1.61401
1.61466
1.76297
2.06466
2.40322
2.7676
3.53582
3.72776
4.92728
5.03381
5.75465
7.50476
7.65269
8.93073
11.6037
13.2212
15.174
30.6338
55.5863
1368.15
1396.31
2014.7
2027.81
2167.05
2282.07
3312.2
Iteration: 21, Accuracy: 0.169204
Elapsed time: 41.162s
0.0344269
0.0756283
0.109539
0.128574
0.216569
0.217787
0.393579
0.399297
0.490736
0.630593
0.692961
0.858018
0.996354
1.1513
1.36939
1.60276
2.30141
2.32117
2.33927
2.67209
3.00644
3.37558
4.21652
5.78158
7.84792
8.29279
10.5999
10.8916
12.7427
13.7156
25.9001
28.0112
48.4521
1374.41
1395.66
2021.86
2021.94
2182.36
2302.16
3321.16
Iteration: 22, Accuracy: 0.16933
Elapsed time: 42.736s
0.034108
0.0905731
0.18164
0.189295
0.218944
0.234603
0.237143
0.275322
0.492919
0.621969
0.645175
0.694782
0.76501
0.81188
0.903719
0.949098
1.14924
1.23001
1.28925
1.57569
1.58155
3.25006
4.17143
5.03629
5.64437
6.05665
6.38618
8.03869
18.1972
19.9269
27.5066
35.0502
57.5745
1395.97
1410.78
2022.35
2038
2206.6
2322.89
3332.64
Iteration: 23, Accuracy: 0.169261
Elapsed time: 42.156s
0.0434007
0.0627859
0.0713937
0.14049
0.145063
0.302505
0.421776
0.425709
0.532121
0.634493
0.642588
0.660435
0.769192
0.775672
1.19081
1.50716
1.574
1.58477
1.84117
3.25322
3.26928
3.37122
3.59651
3.74785
3.82519
3.93307
4.08871
12.1037
19.5313
21.7719
29.9271
32.4702
59.7502
1387.76
1393.32
2045.18
2052.32
2209.61
2322.21
3343.17
Iteration: 24, Accuracy: 0.169223
Elapsed time: 41.354s
0.0210948
0.0446924
0.144585
0.161847
0.189241
0.193327
0.217956
0.244637
0.308543
0.367531
0.57436
1.01716
1.05615
1.13352
1.17874
1.28423
2.32384
2.66649
3.07797
3.2756
4.67333
4.80364
5.60694
6.25659
6.95311
8.31065
8.65162
13.7295
15.6281
27.591
28.7003
43.4645
81.2223
1404.04
1410.29
2051.34
2070.61
2234.39
2335.85
3355.81
Iteration: 25, Accuracy: 0.168974
Elapsed time: 42.033s
0.211069
0.238997
0.2609
0.266586
0.269276
0.31914
0.3618
0.393958
0.594443
0.714895
0.76376
0.868505
0.914004
0.929088
1.22088
1.30463
1.34767
1.77793
2.17348
2.33339
2.79843
4.05889
5.26009
6.973
8.09888
8.86202
8.98143
9.63656
27.9692
35.2736
35.9653
39.0375
96.8616
1404.63
1412.44
2056.25
2067.3
2261.48
2336.59
3348.85
Iteration: 26, Accuracy: 0.168987
Elapsed time: 43.331s
0.0311336
0.256907
0.279334
0.322794
0.397085
0.434189
0.438949
0.439697
0.535667
0.952851
0.955337
0.970678
1.12577
1.14901
1.1584
1.26045
1.26706
1.57155
3.97405
4.34855
4.37313
4.63138
4.96067
5.25809
8.77892
13.4862
18.1175
18.3312
26.9273
28.2423
41.0926
49.5449
108.547
1414.62
1417.21
2066.88
2084.33
2262.67
2337.7
3370.17
Iteration: 27, Accuracy: 0.168825
Elapsed time: 42.048s
0.0192901
0.0676659
0.156537
0.16107
0.164059
0.303517
0.407175
0.506023
0.629447
0.879668
0.958132
1.04729
1.09886
1.17302
1.21316
1.34537
1.72688
3.04596
3.94528
5.0206
6.27802
7.8048
8.90875
12.4181
15.255
16.7527
17.4266
19.927
22.9996
29.5369
42.7446
50.3421
136.949
1416.95
1422.19
2062.51
2080.5
2277.28
2333.21
3371.91
Iteration: 28, Accuracy: 0.168913
Elapsed time: 41.318s
0.0297964
0.0905081
0.254364
0.277418
0.283954
0.287918
0.295035
0.435527
0.447917
0.495175
0.529684
0.907639
1.06844
1.352
1.76893
2.37216
2.72085
3.27464
3.36528
3.65882
3.79447
4.17208
4.34619
4.98681
7.05771
8.78462
16.9467
19.2773
24.2349
43.4313
43.9111
57.0751
176.785
1417.4
1428.03
2063.59
2071.78
2290.24
2331.55
3384.98
Iteration: 29, Accuracy: 0.168783
Elapsed time: 43.413s
0.0285986
0.109598
0.155882
0.184002
0.190254
0.212923
0.26184
0.278582
0.309021
0.331686
0.337602
0.395843
0.396804
0.579026
0.673689
0.851477
1.22054
1.49175
2.99005
2.99598
3.61708
3.87264
5.09967
6.93678
10.7796
14.1339
14.6715
20.2188
20.308
36.8898
46.5446
66.2184
229.462
1421.13
1427.13
2066.49
2072.31
2304.18
2340.73
3396.47
Iteration: 30, Accuracy: 0.168795
Elapsed time: 42.587s
0.074149
0.0809404
0.167125
0.189814
0.203437
0.226667
0.30483
0.308322
0.380518
0.446658
0.48505
0.617403
0.663572
0.747604
0.927766
1.12626
1.70804
2.13693
2.47525
3.02163
4.81162
6.22929
6.91009
7.80817
7.9814
8.13601
10.0177
10.5244
11.3896
35.2822
45.3933
57.2786
292.011
1411.77
1421.99
2071.04
2078.5
2302.97
2347.21
3416.16
Iteration: 31, Accuracy: 0.168817
Elapsed time: 41.225s
0.119971
0.127194
0.183594
0.214953
0.325546
0.354253
0.78653
0.807297
0.979147
1.09945
1.14979
1.17418
1.24403
1.46134
1.58019
1.59738
2.12208
2.4395
2.78511
3.06513
3.61055
3.66141
3.96225
6.10825
6.75999
7.31616
7.81922
8.41257
10.9227
35.4274
51.1305
62.1642
379.176
1401.29
1421.79
2074.46
2081.72
2307.8
2347.69
3420.96
Iteration: 32, Accuracy: 0.168781
Elapsed time: 42.181s
0.025028
0.0307469
0.0624344
0.147774
0.226367
0.385371
0.515731
0.531611
0.644822
0.722666
0.816577
1.20677
1.31165
1.41576
1.78012
1.8914
2.06342
2.07964
2.4692
3.29929
3.42366
4.29992
6.84073
7.1094
7.95824
12.1135
12.1981
12.5499
12.6996
36.8799
61.1987
68.3005
456.008
1387.35
1423.81
2081.05
2085.51
2307.63
2349.88
3412.87
Iteration: 33, Accuracy: 0.168634
Elapsed time: 42.521s
0.0537182
0.13228
0.266917
0.378673
0.381364
0.581311
0.657149
0.657715
0.820267
0.83558
0.924796
0.966832
0.999356
1.35721
1.45658
2.05422
2.19591
2.37982
2.38605
2.42375
2.4769
2.61758
2.64551
4.05265
6.48148
7.36933
9.81481
16.6903
17.7268
52.564
66.1506
70.6262
515.611
1382.37
1419.64
2081.87
2089.95
2310.13
2337.74
3418.83
Iteration: 34, Accuracy: 0.168768
Elapsed time: 41.628s
0.0296978
0.0956747
0.257527
0.294947
0.31196
0.36367
0.440315
0.482009
0.734507
0.737334
0.801189
0.858379
0.88593
1.14437
1.35458
1.47123
1.70389
2.05585
2.17632
2.49863
2.68206
3.35501
3.76051
4.04438
4.83995
6.553
10.6859
10.7418
20.3388
48.9189
75.4414
75.7488
594.786
1379.29
1430.94
2089.18
2090.95
2327.97
2348.76
3412.37
Iteration: 35, Accuracy: 0.168647
Elapsed time: 41.429s
0.0560087
0.0930798
0.0985226
0.138348
0.148255
0.162532
0.177372
0.254102
0.301217
0.798548
0.991171
1.13171
1.16433
1.26263
1.32527
1.35549
1.46967
2.34238
2.39854
2.53182
2.86358
4.03415
4.33234
5.02625
5.39695
5.74798
5.77193
14.007
17.3077
34.4144
81.6803
91.1554
636.601
1383.27
1444.33
2092.95
2096.29
2328.99
2351.88
3399.83
Iteration: 36, Accuracy: 0.168847
Elapsed time: 42.258s
0.0669672
0.130627
0.169359
0.250357
0.308008
0.377992
0.522269
0.595587
0.596873
1.06637
1.20741
1.53749
1.58637
1.75682
2.24983
2.39503
2.79246
3.53634
3.57816
4.38889
4.73598
5.33477
7.03452
7.92767
9.47599
9.77173
13.3388
15.1525
23.5089
38.084
90.9527
107.596
674.671
1389.85
1438.47
2087.85
2105.37
2341.84
2366.26
3398.53
Iteration: 37, Accuracy: 0.168526
Elapsed time: 42.67s
0.0238307
0.187706
0.197757
0.215239
0.338621
0.369803
0.387759
0.582734
0.908108
0.909397
1.49363
1.75712
2.05117
2.40358
2.40907
3.18032
3.44574
3.87142
5.05139
5.28746
6.61167
6.99093
7.67839
8.56548
9.63065
10.5341
14.4117
21.5219
23.2372
40.1552
117.398
122.687
696.254
1396.43
1434.61
2092.89
2096.23
2350.07
2369.3
3406.64
Iteration: 38, Accuracy: 0.168434
Elapsed time: 41.01s
0.246897
0.334828
0.368019
0.573196
0.605873
0.764867
0.958723
0.997039
1.13972
1.26731
1.35069
1.62155
1.84149
2.05387
2.79845
2.93706
3.0344
3.09269
3.92583
5.83539
6.32929
6.64727
6.68906
9.09042
9.96295
11.4184
12.5862
12.5885
12.6647
38.6987
136.816
141.074
717.642
1398.21
1435.3
2089.3
2103.14
2367.81
2370.74
3393.55
Iteration: 39, Accuracy: 0.168493
Elapsed time: 42.083s
0.033207
0.0542536
0.10605
0.152992
0.21628
0.376501
0.387343
0.453545
0.654588
0.719766
0.825454
0.885657
1.18977
1.59508
1.78817
1.8122
2.29332
3.48397
3.79643
5.16073
5.16697
5.75996
7.29682
7.76464
8.58139
9.60814
10.6157
11.7147
13.8988
33.22
167.773
173.306
742.58
1395.48
1433.84
2080.23
2103.16
2371.03
2390.43
3395.55
Iteration: 40, Accuracy: 0.168436
Elapsed time: 42.866s
0.0193997
0.0660822
0.266088
0.30688
0.315157
0.327833
0.330985
0.331578
0.587085
0.634937
0.794716
0.912361
0.969055
0.974482
1.2513
1.7186
2.08248
2.90798
2.93119
4.85089
5.6382
5.65997
7.78481
9.06509
10.0945
10.6434
16.6709
16.9528
18.9548
41.5809
181.462
202.077
760.36
1403.34
1438.42
2085.93
2098.12
2374.73
2390.69
3384.19
Iteration: 41, Accuracy: 0.168736
Elapsed time: 42.045s
0.0379804
0.039759
0.125453
0.144951
0.565909
0.750405
0.781939
0.891739
1.04105
1.12554
1.52374
1.67484
2.22955
2.23409
2.24587
2.3029
2.52082
2.69109
3.23711
3.57466
5.61858
6.44536
6.57924
7.21748
7.84811
13.0208
15.4684
24.8046
27.9291
45.1404
207.349
227.84
760.892
1411.14
1439.28
2092.64
2096
2384.42
2388.9
3372.43
Iteration: 42, Accuracy: 0.168542
Elapsed time: 41.601s
0.103382
0.140741
0.347472
0.521039
0.565602
0.580644
0.813373
1.45365
1.47914
1.51743
1.86321
1.95052
2.20335
2.30038
2.32389
2.53673
2.56419
3.14957
3.70831
4.56709
5.75632
6.89774
8.29423
8.99182
9.21629
12.8604
14.4963
22.7693
33.2094
45.6893
233.755
278.878
769.686
1403.09
1439.45
2090.84
2117.04
2392.04
2405.96
3367.88
Iteration: 43, Accuracy: 0.168528
Elapsed time: 42.766s
0.014331
0.088601
0.271661
0.286598
0.45931
0.863267
0.879542
1.05273
1.11578
1.21931
1.37977
1.393
1.4
1.54767
1.61293
1.79691
2.35362
2.51171
3.92208
4.29752
4.99205
5.1783
5.82543
7.22979
7.60534
8.50524
11.1989
17.529
33.1573
55.0668
261.793
324.215
764.434
1395.92
1433.02
2086.51
2120.78
2407.07
2412.46
3378.79
Iteration: 44, Accuracy: 0.16867
Elapsed time: 42.059s
0.138107
0.163918
0.354541
0.360672
0.37206
0.437576
0.571229
0.576615
0.736804
0.850336
1.17791
1.32484
1.4948
1.73183
2.5258
2.60413
3.52336
4.12244
4.73454
4.8033
5.12264
5.25548
6.0519
7.88641
11.4151
15.3885
20.7068
20.9035
21.9132
48.7712
287.384
362.72
773.709
1392.93
1429.33
2081.77
2116.26
2410.27
2420.05
3374.16
Iteration: 45, Accuracy: 0.168671
Elapsed time: 41.55s
0.263526
0.310239
0.449575
0.507499
0.695019
0.705659
0.970794
0.980564
0.980875
1.01384
1.0471
1.11802
1.14054
1.30996
1.87732
2.33176
2.55053
2.70103
3.62484
3.96876
4.85704
5.39967
5.45548
7.30401
11.4319
14.5991
18.5866
19.5542
25.5371
64.2676
317.517
417.513
784.782
1396.61
1421.72
2091.39
2114.06
2405.95
2429
3381.66
Iteration: 46, Accuracy: 0.168552
Elapsed time: 41.657s
0.0517495
0.182436
0.224874
0.394415
0.523765
0.820629
0.871287
1.06521
1.35509
1.61308
1.80496
1.8142
2.07983
2.23722
2.7611
2.96753
3.89557
4.08685
4.54262
4.61582
4.69519
7.13984
7.30113
7.44279
9.15744
9.33339
10.9991
19.9759
29.9242
77.0399
334.631
455.768
789.067
1393.31
1430.98
2078.5
2114.35
2403.44
2429.96
3373.04
Iteration: 47, Accuracy: 0.16866
Elapsed time: 42.438s
0.128751
0.19623
0.202195
0.268482
0.607975
0.809002
0.817543
0.823096
0.82996
0.855539
0.876143
1.23078
1.58546
1.77486
2.50342
2.54336
2.95724
3.636
5.66866
6.08381
6.45997
7.36585
7.45506
7.96512
9.97447
11.5464
12.3699
30.779
34.1457
79.4021
378.59
506.315
792.822
1381.34
1427.73
2076.39
2136.33
2402.62
2439.47
3381.96
Iteration: 48, Accuracy: 0.168428
Elapsed time: 41.778s
0.161005
0.195721
0.212856
0.26779
0.307181
0.602363
0.65423
0.671187
0.685986
1.07085
1.3929
1.46752
1.54577
1.57163
1.87613
2.08433
2.11241
2.19719
2.42607
2.87254
3.18284
3.40863
5.24803
8.71854
9.03875
9.10982
22.8821
34.231
41.4444
92.6511
411.34
540.944
785.334
1373.89
1420.11
2085.74
2125.96
2404.38
2437.94
3381.11
Iteration: 49, Accuracy: 0.168589
Elapsed time: 42.102s
0.00759969
0.0124273
0.0293123
0.0737172
0.117849
0.207775
0.349017
0.360739
0.613526
0.700255
0.760066
0.825896
1.01248
1.29256
1.87077
1.94102
2.10113
2.23851
2.29144
2.48732
2.74332
4.50486
5.36176
6.64767
12.6089
14.2961
16.3228
22.9157
37.5915
96.6369
443.726
574.03
783.91
1380.28
1431.6
2080.4
2123.46
2396.27
2448.65
3382.9
Iteration: 50, Accuracy: 0.168659
Elapsed time: 42.313s
0.062575
0.102827
0.126711
0.140423
0.334646
0.342706
0.422875
0.750326
0.781251
0.923944
0.983503
1.23569
1.63306
1.76847
2.25234
2.60581
2.69387
3.5701
4.88895
5.77052
5.92013
6.03695
6.6273
10.7855
12.4899
13.1299
18.7893
27.6879
35.6251
105.624
478.351
595.596
795.717
1371.88
1440.89
2080.62
2120.8
2389.08
2453.98
3389.99
Iteration: 51, Accuracy: 0.168724
Elapsed time: 43.954s
0.039599
0.0478058
0.328619
0.418519
0.46442
0.586879
1.33884
1.52772
1.56468
1.91458
1.99245
3.04928
3.57231
3.62905
3.76793
3.89973
4.40344
4.9282
5.30358
6.76767
6.89425
7.71955
8.17414
8.88764
16.664
21.5729
25.626
34.5772
46.1747
133.963
498.787
614.404
799.992
1368.53
1433.05
2085.95
2108.34
2404.75
2460.65
3387.31
Iteration: 52, Accuracy: 0.168716
Elapsed time: 42.286s
0.0178227
0.0630961
0.16644
0.225028
0.247544
0.564112
0.979047
1.06221
1.4339
1.9887
2.01765
2.33517
2.34665
2.412
2.77909
3.29493
5.21796
5.41537
6.72251
7.65106
11.2668
12.7057
15.1976
15.3016
18.625
27.6448
31.7074
45.0296
49.3947
160.178
521.461
634.71
820.098
1363.3
1424.08
2083.11
2105.92
2409.01
2452.92
3376.24
Iteration: 53, Accuracy: 0.168805
Elapsed time: 42.246s
0.088172
0.10612
0.114097
0.188015
0.336775
0.388226
0.447509
0.619418
0.911831
1.00933
1.05718
2.66735
2.92006
5.89174
6.04805
7.21194
7.82211
8.86717
12.597
13.0641
14.2037
14.6248
16.1755
18.3339
28.3597
33.471
37.2726
39.6009
44.4112
183.535
524.672
650.907
814.628
1372.53
1424.59
2078.37
2114.57
2409.88
2456.83
3365.9
Iteration: 54, Accuracy: 0.16883
Elapsed time: 42.131s
0.018037
0.612353
0.708649
0.726734
0.887276
1.49121
1.79074
1.83928
1.84846
2.56837
2.82358
3.24872
3.80196
4.79781
5.27047
5.91759
6.74936
8.51031
8.75589
9.68109
10.498
10.5439
15.6075
17.355
23.4532
31.2881
36.3005
37.4062
39.2185
209.314
536.631
642.97
820.938
1374.12
1432.63
2089.63
2148.22
2398.6
2457.92
3359.09
Iteration: 55, Accuracy: 0.168629
Elapsed time: 41.358s
0.00263345
0.0817501
0.277653
0.291856
0.627507
1.13339
1.20586
1.30767
1.42154
3.42429
3.54398
3.60205
3.89179
4.42726
4.82937
4.9145
5.53867
5.80276
6.22984
6.79795
7.04943
9.97738
12.1303
20.2369
24.6596
26.1673
33.3072
35.3297
46.6535
256.562
556.114
655.19
805.671
1371.99
1426.63
2092.27
2149.52
2408.57
2462.53
3374.6
Iteration: 56, Accuracy: 0.168569
Elapsed time: 42.376s
0.0816856
0.122164
0.124437
0.172817
0.598465
0.780188
1.26678
1.66639
2.07928
2.29524
2.48564
2.83819
3.76086
4.93722
5.73666
6.3914
7.26235
7.77346
8.76375
9.97147
10.8649
11.8791
14.4527
18.637
22.5236
28.3706
30.4023
38.1957
41.3164
318.192
580.806
678.369
800.575
1376.1
1439.18
2103.39
2159.03
2412.05
2461.9
3371.19
Iteration: 57, Accuracy: 0.16883
Elapsed time: 41.64s
0.110549
0.25509
0.386663
0.487897
0.621332
0.826441
0.833415
1.13566
1.71069
1.96579
2.00527
2.47541
2.80371
3.31687
4.32965
6.44527
7.20862
7.77421
7.98631
9.36462
10.9307
11.5975
11.8266
11.9855
15.2105
21.9275
29.034
40.4832
54.5795
365.913
586.763
699.298
797.976
1388.65
1444.62
2102.85
2145.97
2419.23
2462.26
3368.91
Iteration: 58, Accuracy: 0.168867
Elapsed time: 42.223s
0.0122763
0.145016
0.175849
0.400975
0.733121
0.883941
0.968982
1.34814
1.37586
1.97052
2.17663
2.91248
3.22933
3.40908
4.40267
4.65277
6.50526
6.96942
8.93961
10.4729
10.6921
13.1484
16.9068
16.9639
18.6547
19.7741
31.381
32.0872
45.1617
406.654
603.129
710.06
791.35
1387.29
1431.4
2109.16
2152.41
2429.58
2454.31
3367.49
Iteration: 59, Accuracy: 0.168939
Elapsed time: 42.254s
0.285409
0.389677
0.45077
0.543086
0.607087
0.652402
1.14397
2.02958
2.49786
3.35097
3.50724
3.77492
4.26426
4.57427
4.84074
5.05586
5.36818
6.20566
6.86996
6.87115
10.6174
12.6305
14.1954
18.0006
19.4521
25.5588
30.6742
36.6514
39.9419
443.264
619.548
697.204
799.791
1385.37
1443.51
2102.98
2151.16
2424.12
2441.2
3366.4
Iteration: 60, Accuracy: 0.168858
Elapsed time: 42.2s
0.0412382
0.0418065
0.135978
0.167235
0.319145
0.3442
0.614393
0.913531
1.01615
1.30922
1.5792
2.63894
3.19058
3.49867
4.19172
4.53671
4.59918
5.34881
6.27394
9.47194
11.6898
12.69
17.0318
18.8662
19.1318
26.15
29.554
30.4482
42.7158
470.053
603.72
702.501
795.411
1376.67
1440.26
2113.1
2144.66
2416.31
2435.05
3354.14
Iteration: 61, Accuracy: 0.168722
Elapsed time: 41.414s
0.0202459
0.280503
0.405138
0.495262
0.500598
0.618998
0.797703
0.842465
0.844475
1.05232
1.41122
3.05683
3.65315
3.68634
4.89499
5.23648
6.47797
6.48576
7.32777
7.47027
10.638
12.4966
16.9599
18.5039
21.273
22.5036
33.1095
40.5739
41.5738
486.78
608.847
695.316
793.199
1382.87
1444.34
2120.71
2158.91
2418.36
2434.1
3366.35
Iteration: 62, Accuracy: 0.168901
Elapsed time: 41.557s
0.012118
0.301406
0.351124
0.388339
0.423437
0.603175
0.933821
1.66457
1.71657
1.90342
2.67696
2.78202
2.96194
3.08235
3.26293
3.59483
3.80532
6.37526
7.04836
7.24548
9.40367
11.1354
13.4133
19.3601
23.3262
30.4007
31.3276
37.3159
47.7235
518.724
607.671
697.33
808.597
1387.6
1437.14
2129.5
2161.5
2429.67
2443.47
3355.03
Iteration: 63, Accuracy: 0.168774
Elapsed time: 42.868s
0.0751878
0.199113
0.307885
0.323866
0.340126
0.367217
0.607762
1.38416
1.52743
1.90938
1.98823
2.20038
2.62166
2.97465
3.46708
3.60347
3.98061
4.84067
5.43537
5.96533
7.17879
9.14361
14.3333
17.2954
20.0991
27.2964
35.2188
38.7498
46.1332
530.053
611.505
703.157
805.029
1379.93
1427.26
2125.62
2140.89
2432.83
2439.25
3353.44
Iteration: 64, Accuracy: 0.169016
Elapsed time: 41.529s
0.128612
0.183656
0.3879
0.429542
0.436205
0.7673
0.98655
1.10274
1.15997
1.58828
1.88526
2.03316
2.7447
2.84612
2.91822
2.9662
4.58797
5.75305
9.07614
9.09229
9.9178
10.0639
10.8562
17.2982
21.0026
26.1609
26.7064
36.0674
42.4608
542.743
618.228
686.507
802.709
1377.82
1426.18
2127.04
2154.89
2435.14
2440.77
3350.26
Iteration: 65, Accuracy: 0.168929
Elapsed time: 41.361s
0.0146326
0.108916
0.117033
0.149019
0.216065
0.237686
0.446614
0.533199
0.741559
0.856168
1.36885
1.45381
1.57113
2.83122
3.51775
3.52108
3.68572
3.70603
5.34422
5.6153
8.56657
8.89366
9.76048
10.8316
19.2142
23.2724
24.2867
35.2166
38.0197
550.383
621.762
687.718
810.404
1376.56
1432.2
2130.62
2158.49
2417.33
2438.91
3344.24
Iteration: 66, Accuracy: 0.168724
Elapsed time: 42.436s
0.139416
0.182142
0.351442
0.571762
0.838849
0.904489
0.992146
1.00738
1.06486
1.07732
1.66704
2.39498
2.50921
3.28812
3.67386
4.20912
4.45589
4.72924
6.38731
7.07815
8.6087
10.6555
12.8527
18.6097
21.2761
22.6922
33.7783
35.7578
55.6978
557.908
624.286
699.118
805.176
1374.1
1429.16
2131.76
2163.35
2427.9
2434.61
3358.32
Iteration: 67, Accuracy: 0.168706
Elapsed time: 42.35s
7.07326e-005
0.316969
0.438141
0.448652
0.531621
0.587098
0.618494
0.929565
0.941313
1.09083
1.21559
1.29603
1.43398
2.38233
2.52083
3.76516
5.22581
6.06669
6.58254
8.70023
9.52436
10.8921
13.5329
15.5319
23.8568
28.6646
29.8166
37.0367
62.3226
571.679
622.453
705.065
805.58
1373.47
1423.76
2129.4
2164.68
2431.22
2444.52
3357.94
Iteration: 68, Accuracy: 0.168884
Elapsed time: 41.645s
0.0100492
0.0518235
0.0604185
0.145372
0.307868
0.427173
0.674715
0.719972
1.12053
1.17021
1.20475
1.60301
2.3788
2.38365
2.52558
2.59804
2.80501
3.08
4.85089
6.76995
10.0828
10.4848
12.3648
13.7148
24.142
26.7255
39.7629
43.3849
65.058
590.151
630.237
711.363
816.451
1371.7
1419.8
2138.62
2165.34
2417.4
2437.26
3343.35
Iteration: 69, Accuracy: 0.169024
Elapsed time: 42.277s
0.112238
0.500385
0.719246
0.809187
0.893739
1.01002
1.1907
1.60241
1.69894
1.8499
2.91472
2.98251
2.99845
3.12387
3.47157
3.73807
3.77189
4.51059
7.68553
9.76074
10.2538
11.1805
20.312
22.1135
26.917
34.8097
35.384
36.8421
66.0056
577.86
629.49
716.545
812.499
1368.9
1420.19
2133.62
2180.5
2414.74
2446.63
3334.67
Iteration: 70, Accuracy: 0.168903
Elapsed time: 42.851s
0.433772
0.879469
0.917326
1.19404
1.39683
1.64475
2.27481
2.56807
2.67468
2.73485
2.89469
2.91346
3.21546
3.27658
3.38727
5.89263
6.16179
6.49342
8.50059
10.2576
11.7092
17.1281
23.4384
23.854
26.5167
28.1202
29.3571
42.6559
69.1625
580.237
633.436
726.398
812.637
1367.27
1430.53
2130.22
2182.9
2416.8
2438
3337.23
Iteration: 71, Accuracy: 0.168728
Elapsed time: 41.777s
0.0437977
0.0586321
0.187983
0.313697
0.384479
0.403219
0.414252
0.713457
1.27876
1.45005
1.59659
1.64527
2.114
2.58741
3.0309
3.76869
3.85351
4.42786
5.74902
7.19714
13.8845
16.741
27.0374
27.7613
32.2733
33.2146
41.3257
49.6107
68.0408
578.822
630.614
728.913
805.964
1370.25
1440.93
2125.11
2187.37
2416.71
2432.67
3338.75
Iteration: 72, Accuracy: 0.16882
Elapsed time: 41.573s
0.012373
0.138253
0.196077
0.492555
0.779247
0.798474
0.859249
0.869894
1.15123
1.95497
2.00443
2.11923
3.39959
3.59696
3.75948
4.23213
4.38329
5.5511
9.46122
14.8706
16.5736
20.5701
21.718
27.0746
33.8231
35.6004
45.144
54.2819
65.5893
594.571
632.188
737.934
813.504
1372.87
1440.27
2121.25
2174.27
2420.53
2425.29
3344
Iteration: 73, Accuracy: 0.168821
Elapsed time: 42.65s
0.097954
0.194563
0.215345
0.333411
0.361445
0.778907
1.05754
1.12682
1.31618
1.5576
1.76805
2.04258
2.24517
2.68506
5.16593
5.5011
6.17409
6.59629
10.6628
11.1172
17.2932
18.557
24.5571
26.3642
31.3271
38.654
43.2533
51.78
73.7211
611.322
648.212
738.672
803.821
1383.04
1448.8
2117.77
2182.91
2411.4
2421.39
3336.47
Iteration: 74, Accuracy: 0.168819
Elapsed time: 42.112s
0.00917346
0.0216677
0.0484768
0.158224
0.357195
0.365976
0.747643
1.92864
2.0472
2.07018
2.78422
3.13875
3.69155
3.98459
5.37311
5.97552
7.70463
9.70679
11.1836
13.2422
18.8642
19.7502
26.5309
28.9341
31.1153
41.4491
42.3575
44.5129
73.3907
613.547
660.035
739.077
809.941
1375.78
1443.84
2121.21
2183.15
2413.15
2429.35
3338.3
Iteration: 75, Accuracy: 0.168694
Elapsed time: 41.122s
0.0595894
0.164849
0.286676
0.362037
0.721566
1.1898
1.22155
1.36816
1.50792
1.53514
1.95435
2.14069
2.24877
4.60187
4.79902
4.94626
5.88588
12.6021
13.6858
13.9494
15.3682
23.933
25.2509
29.0869
29.4409
37.3215
37.4003
51.8859
75.5478
609.206
657.943
744.856
819.524
1379.03
1436.78
2116.18
2185.51
2412.67
2427.37
3332.38
Iteration: 76, Accuracy: 0.168832
Elapsed time: 41.976s
0.161076
0.202003
0.31554
0.43479
0.716695
1.01825
1.10647
1.30461
1.61009
1.792
1.81835
1.99733
2.78671
2.79982
5.81216
6.00209
6.96924
8.66313
9.97085
12.2567
16.1018
17.3476
21.7644
30.1189
32.6258
35.1572
35.6569
58.9466
84.2398
618.013
665.151
746.538
810.93
1395.02
1441.36
2122.15
2187.73
2407.47
2439.06
3343.9
Iteration: 77, Accuracy: 0.168996
Elapsed time: 42.891s
0.113532
0.232416
0.325336
0.831022
1.63981
2.38117
2.39209
2.53484
2.71609
2.89516
2.91326
2.95389
3.14073
3.61986
5.42801
6.45233
9.53337
11.3331
12.0295
12.2052
14.2724
18.3608
19.546
30.5704
31.6592
38.2655
43.4835
60.2816
90.1752
621.765
666.665
738.53
806.631
1388.79
1443.61
2105.97
2180.93
2410.66
2447.1
3352.4
Iteration: 78, Accuracy: 0.168876
Elapsed time: 41.953s
0.0275268
0.131697
0.182508
0.211535
0.280465
0.322783
0.778251
0.923617
1.28546
1.42894
1.6514
1.87986
2.14102
2.51153
2.6302
3.41952
6.73238
7.11315
7.3634
7.3705
8.56255
12.6253
15.6266
26.2947
31.5426
34.3413
38.6556
59.2789
96.5434
615.234
660.973
729.421
806.07
1381.13
1447.81
2106.07
2176.32
2394.68
2444.2
3349.08
Iteration: 79, Accuracy: 0.168965
Elapsed time: 40.633s
0.0907212
0.127658
0.129246
0.35174
0.360503
0.376069
0.998945
1.00024
1.06814
1.90411
2.27936
2.49026
2.52049
2.57129
2.79703
3.88192
4.21601
4.46576
5.87455
9.44321
10.0042
10.8613
10.8901
15.5719
21.1549
32.5065
51.3824
54.4445
97.2669
614.25
668.582
721.798
812.892
1376.27
1442.76
2116.62
2187.17
2389.82
2436.48
3359.63
Iteration: 80, Accuracy: 0.169066
Elapsed time: 42.785s
0.290762
0.312404
0.526319
0.609306
0.646611
0.720526
0.798191
0.904966
1.61832
1.64236
1.64831
2.04619
2.25653
2.93483
3.26654
3.51673
4.24726
4.78619
9.32743
10.8965
11.3185
12.7562
13.5444
16.7641
21.4618
25.733
52.3352
62.4449
96.2897
612.437
655.273
720.9
809.402
1373.36
1438.73
2112.54
2189.22
2385
2428.33
3358.26
Iteration: 81, Accuracy: 0.168987
Elapsed time: 42.628s
0.00363014
0.0519167
0.102203
0.296437
0.309747
0.714927
0.779962
0.848275
1.54167
1.65799
1.82715
2.06955
2.22755
2.74718
3.81738
3.87399
4.64328
5.77567
9.67754
10.9099
13.9879
15.4036
18.7646
19.2017
26.0948
27.5733
57.0843
69.4421
103.553
621.498
656.63
713.738
807.209
1369.97
1435.71
2106.38
2203.19
2389.15
2422.44
3355.54
Iteration: 82, Accuracy: 0.168874
Elapsed time: 41.55s
0.0854948
0.243636
0.355111
0.398288
0.447614
0.867967
0.889385
1.24544
1.33094
1.36797
1.54353
1.83645
2.15777
2.64471
4.02373
4.09933
4.86971
5.30636
7.45238
8.07973
9.03023
11.5274
14.8793
21.7095
29.4816
34.3656
56.698
80.0794
106.133
618.447
660.328
712.915
805.767
1361.43
1429.53
2111.27
2193.55
2383.28
2412.22
3364.11
Iteration: 83, Accuracy: 0.168955
Elapsed time: 41.905s
0.0300521
0.549556
0.706029
0.834659
0.900749
0.95215
1.2778
1.39639
1.63101
1.67539
1.69775
1.86559
1.89978
2.05338
2.27666
2.49585
2.62434
2.97705
4.10277
4.55807
5.51577
7.17731
15.6084
20.6405
28.4829
28.9801
70.1681
76.3833
100.08
617.994
678.182
715.719
815.958
1362.83
1434.18
2116.85
2194.88
2392.57
2408.31
3370.31
Iteration: 84, Accuracy: 0.168945
Elapsed time: 42.965s
0.145222
0.187786
0.310913
0.312382
0.368587
0.429068
0.578403
0.591671
0.879676
0.957089
1.48922
1.56809
1.98339
2.10114
2.44599
2.68529
3.05116
3.44911
3.64469
3.71076
4.22595
8.72816
9.20467
10.8028
26.3955
30.6154
59.9565
79.9412
102.791
620.203
671.348
720.71
802.071
1372.17
1436.59
2115.74
2202.57
2399.87
2408.33
3364.85
Iteration: 85, Accuracy: 0.168781
Elapsed time: 41.987s
0.0476499
0.0729771
0.153943
0.200517
0.269633
0.616545
0.832134
0.883426
1.05339
1.4002
1.93457
2.40996
2.59521
3.5719
3.93511
4.02921
4.45055
4.52833
4.63776
4.91034
8.95615
8.98161
9.75605
11.2401
23.3203
35.3986
65.6479
85.6689
97.3113
620.189
670.039
724.035
807.554
1373.23
1439.04
2125.08
2200.66
2394.68
2407.71
3372.09
Iteration: 86, Accuracy: 0.168954
Elapsed time: 37.708s
0.0538107
0.311788
0.46174
0.483005
0.693523
0.988107
1.05856
1.36752
1.54547
1.55909
1.62064
1.75209
2.14947
2.66163
4.23788
4.44295
4.94335
5.03314
5.78211
8.65729
8.79797
9.53885
12.5913
15.6727
17.9835
38.63
58.6665
91.2532
110.232
622.545
665.975
731.082
816.916
1356.42
1442.76
2135.17
2224.77
2391.99
2418
3372.97
Iteration: 87, Accuracy: 0.168944
Elapsed time: 38.659s
0.129361
0.225714
0.330984
0.385773
0.455798
0.794438
1.03054
1.06082
1.68469
1.87262
2.17805
2.55423
3.3343
3.85285
4.80524
5.0743
5.29289
5.41048
8.39872
8.43756
8.9086
9.07124
12.8333
20.7564
22.602
47.9155
57.3131
106.628
120.112
621.427
671.663
726.599
823.701
1360.39
1448.32
2140.78
2221.63
2384.83
2419.14
3365.86
Iteration: 88, Accuracy: 0.168945
Elapsed time: 37.545s
0.110945
0.117118
0.279945
0.379417
0.781909
0.989004
1.23693
1.40789
2.68569
2.97704
3.75737
3.96828
4.44538
4.56176
6.25605
6.61824
7.27621
8.21321
9.12098
9.23389
10.2183
10.343
11.0461
15.652
24.089
60.856
61.6068
118.281
144.373
619.549
671.418
726.872
821.073
1364.75
1454.64
2125.44
2226.55
2390.23
2418.37
3366.98
Iteration: 89, Accuracy: 0.169025
Elapsed time: 36.196s
0.0523696
0.289696
0.492852
0.504061
0.572688
0.601091
0.682222
0.860875
1.16113
1.2673
2.00198
2.8162
4.50696
4.66648
5.45596
5.51607
6.15849
7.05804
8.67638
9.28998
9.98117
11.1756
11.1801
14.015
17.2801
56.8691
62.5279
128.873
155.214
623.803
654.199
720.548
832.76
1363.94
1451.21
2137.76
2212.4
2398.12
2426.16
3377.22
Iteration: 90, Accuracy: 0.168873
Elapsed time: 37.222s
0.132087
0.180978
0.191666
0.235448
0.336353
0.486358
0.519678
0.687602
1.27149
2.04101
2.80476
3.17675
3.94136
3.94841
5.88121
7.29724
8.14969
8.36473
9.4752
9.77566
10.8307
11.4586
15.3927
20.7725
27.362
61.7928
69.9738
143.911
166.606
620.65
660.831
716.392
808.897
1373.65
1447.5
2142.62
2220.86
2391.24
2413.57
3380.64
Iteration: 91, Accuracy: 0.168899
Elapsed time: 38.191s
0.0161136
0.0164141
0.0842613
0.799911
1.02608
1.05987
1.44829
1.82758
1.84043
2.50433
2.58442
2.96569
3.09291
3.64967
3.96429
4.82696
5.82622
8.77958
10.193
12.6168
13.3394
13.5516
15.3411
15.7597
20.2244
62.476
79.2312
168.099
192.491
611.749
651.03
718.133
811.466
1357.76
1435.56
2148.68
2216.03
2384.23
2418.45
3372.03
Iteration: 92, Accuracy: 0.16899
Elapsed time: 37.205s
0.0213787
0.383998
0.422609
0.456751
0.583611
0.607389
0.720788
1.22425
1.26232
1.4607
1.73578
2.50054
2.84757
3.23597
4.43577
5.50877
6.53722
7.98573
9.58307
9.65192
9.6524
11.5161
14.3447
22.0319
32.3317
68.4151
83.8063
189.428
209.364
613.303
659.688
720.485
816.717
1348.88
1432.2
2157.96
2220.36
2381.16
2418.94
3376.91
Iteration: 93, Accuracy: 0.168836
Elapsed time: 36.554s
0.115063
0.69181
0.817544
1.00208
1.01606
1.12305
1.31961
1.3554
1.69551
1.72238
3.14987
3.29348
3.36984
3.70575
3.85369
5.13061
6.25598
6.91288
8.33895
8.98816
9.29816
9.65586
9.97192
26.6808
27.0348
66.7091
75.9941
225.588
236.462
606.26
662.381
725.561
813.78
1347.19
1430.3
2155.05
2218.58
2360.11
2422.58
3373.19
Iteration: 94, Accuracy: 0.16898
Elapsed time: 38.166s
0.0795227
0.111992
0.340011
0.361955
0.431464
0.744969
0.869461
1.43824
2.55063
2.9674
2.97857
3.00809
3.01656
3.13092
4.70909
6.49568
7.03616
7.39917
10.9642
11.0771
13.5612
14.1971
19.2411
22.9919
29.1969
75.3606
76.9171
248.816
266.951
611.755
658.92
722.721
806.923
1358.85
1429.35
2152.42
2221.22
2368.3
2421.24
3358.78
Iteration: 95, Accuracy: 0.169045
Elapsed time: 37.422s
0.447337
0.547005
0.556291
0.796748
0.906469
0.93018
1.57308
1.62067
1.70097
1.86875
2.69952
3.13322
3.14567
3.25299
5.07476
5.36798
5.50268
7.17877
8.27881
8.61336
10.2227
10.5546
12.2903
22.522
28.5559
68.8174
79.9507
279.788
291.031
619.844
655.254
717.983
804.36
1357.4
1426.71
2153.73
2228.18
2367.92
2421.84
3361.74
Iteration: 96, Accuracy: 0.169069
Elapsed time: 35.878s
0.046644
0.156755
0.289329
0.369174
0.541885
0.709179
0.907194
1.18551
1.73518
1.73815
2.17802
4.34659
4.55498
4.60973
4.88531
6.64649
7.20979
7.97283
9.15787
10.3596
11.9472
12.1177
12.2422
16.0192
39.7917
74.2481
92.3643
294.554
319.296
619.101
660.216
717.434
795.055
1354.16
1428.99
2150.13
2220.28
2365.87
2421.64
3368.3
Iteration: 97, Accuracy: 0.169253
Elapsed time: 36.732s
0.0685697
0.221437
0.363611
0.486852
0.537065
0.99956
1.12678
1.26983
1.37454
1.8104
2.0753
3.38697
3.49922
6.15234
6.27318
6.91097
7.23333
7.58371
7.59148
11.4177
15.708
19.696
20.3927
31.9568
35.5111
80.8986
93.5982
316.35
343.003
618.482
661.991
718.072
794.552
1359.15
1428.81
2148.73
2216.76
2372.16
2426.94
3364.74
Iteration: 98, Accuracy: 0.169161
Elapsed time: 37.992s
0.255698
0.401048
0.604759
0.677183
0.715359
1.20349
1.30352
1.34377
1.36857
2.21078
3.68124
4.69318
5.33421
7.99822
8.18003
8.72817
8.88993
9.09962
10.7661
10.9492
11.8186
16.3429
30.6249
33.7047
42.7157
78.3449
113.585
347.792
373.432
610.124
657.035
715.607
806.84
1369.16
1434.27
2148.85
2221.98
2373.66
2425.83
3358.89
Iteration: 99, Accuracy: 0.169103
Elapsed time: 37.222s
0.113075
0.366461
0.491687
0.656156
0.789293
0.874739
1.08119
1.20071
1.49832
1.51023
2.09814
2.46207
4.10833
5.75348
6.19997
8.31544
8.88847
11.8799
14.5617
15.7042
21.4792
22.9027
24.7539
31.2404
39.4286
91.3803
125.72
371.64
390.584
610.019
650.656
713.313
799.642
1365.83
1442.28
2150.81
2216.04
2382.66
2429.19
3349.59
Iteration: 100, Accuracy: 0.16917
Elapsed time: 36.435s
0.0382383
0.160223
0.383082
0.415174
0.515021
0.57446
0.656212
0.954914
1.01151
1.52272
1.53987
1.60332
2.5721
6.29576
7.18126
15.1175
15.1914
18.8826
19.3023
19.5334
19.749
27.0865
29.2507
31.5828
38.8164
94.0065
130.919
406.745
416.432
607.751
661.157
715.093
798.4
1359.89
1447.92
2142.8
2213.01
2384.34
2433.52
3361.88
Iteration: 101, Accuracy: 0.169344
Elapsed time: 37.439s
0.13009
0.509956
0.598629
0.601367
0.694864
0.727686
0.825898
1.13696
1.17334
1.32664
1.95823
3.50385
5.225
5.66112
5.94944
9.63008
12.3544
12.6946
16.9694
22.1425
27.6218
30.3782
34.8719
38.3337
49.2793
109.436
148.426
416.552
430.347
609.568
666.47
720.287
810.289
1358.79
1449.16
2142.35
2211.5
2389.4
2424.11
3366.31
Iteration: 102, Accuracy: 0.169069
Elapsed time: 37.025s
0.0417978
0.161339
0.215593
0.327575
0.682978
0.696406
0.71954
0.917284
1.21749
1.71617
2.33329
2.81557
3.19896
3.5324
6.89133
8.75761
9.4456
13.6749
15.5912
21.0619
28.9026
29.4156
33.1238
40.5599
47.1841
117.395
151.998
436.442
444.201
615.308
657.146
735.969
817.523
1367.15
1448.71
2148.38
2198.94
2389.3
2425.73
3368.79
Iteration: 103, Accuracy: 0.169469
Elapsed time: 37.1s
0.138684
0.401291
0.520581
0.589195
0.717786
0.984263
1.0565
1.1594
1.51819
2.02148
2.02669
2.64041
4.19949
7.06808
9.36621
9.56874
10.707
12.1719
14.8447
21.3967
29.0896
30.812
40.4203
46.5064
51.6659
126.903
157.98
448.106
459.647
615.272
659.842
735.261
807.849
1368.15
1448.49
2138.3
2209.55
2380.95
2415.31
3363.15
Iteration: 104, Accuracy: 0.169415
Elapsed time: 36.851s
0.00365531
0.309688
0.392827
0.559155
1.48678
2.19649
2.57271
2.86811
3.17871
3.99967
4.607
4.63937
4.67361
7.10507
7.41713
8.03078
8.69696
10.4157
13.153
13.4363
23.3752
40.8754
42.5724
50.6391
51.2706
133.35
173.859
452.156
471.526
624.687
680.82
730.275
804.848
1370.1
1450.52
2141.82
2213.91
2380.04
2418.51
3365.7
Iteration: 105, Accuracy: 0.169217
Elapsed time: 37.549s
0.0632521
0.0658056
0.30911
0.91538
1.00467
1.29443
1.36136
2.0164
2.11289
2.15902
3.68306
4.39646
7.08856
7.37284
7.42164
7.7384
10.92
11.8372
13.4381
13.5203
13.9093
43.0705
45.7327
52.3542
52.7483
138.834
175.665
452.122
482.125
632.574
671.698
731.075
812.294
1376.21
1462.08
2140.23
2206.23
2379.14
2430.29
3362.67
Iteration: 106, Accuracy: 0.169137
Elapsed time: 37.016s
0.0452131
0.786661
0.872293
1.15307
1.41465
1.67277
1.76193
1.85404
2.95841
2.96598
3.88614
4.60478
5.15161
6.92409
7.73562
7.96326
8.27731
10.9238
12.1363
16.6899
17.5882
39.7949
39.8308
43.3828
57.3857
145.315
192.685
463.028
503.759
627.853
664.046
734.412
811.221
1379.68
1456.27
2141.79
2204.98
2376.57
2422.36
3374.69
Iteration: 107, Accuracy: 0.169207
Elapsed time: 37.291s
0.0824922
0.143668
0.467629
1.15754
1.5388
2.2262
2.33646
2.75699
2.75978
3.16772
3.34586
3.85768
5.17141
7.03334
7.29409
10.873
13.38
16.3369
16.8304
21.5458
21.5494
37.0485
38.9711
39.41
55.7705
152.69
201.808
468.756
508.571
635.796
670.881
733.236
822.655
1377.99
1440.83
2134.39
2199.14
2378.13
2423.18
3359.52
Iteration: 108, Accuracy: 0.169523
Elapsed time: 37.107s
0.699497
0.710637
1.38197
1.70135
2.37231
2.7471
3.09867
3.88656
4.42141
4.44075
4.63798
5.08042
5.42589
6.3225
7.52689
10.9683
15.5345
17.6015
17.8502
18.276
22.3097
34.8445
37.7901
45.5189
59.0919
166.232
231.098
477.526
512.867
630.121
661.643
730.365
822.804
1383.83
1444.19
2132.13
2186.01
2376.32
2422.14
3348.33
Iteration: 109, Accuracy: 0.169305
Elapsed time: 37.664s
0.422574
0.432832
0.867881
0.945692
1.04868
1.1635
1.29685
2.35006
3.51794
4.16866
4.3763
4.65011
7.4716
7.57802
8.01453
8.81609
12.291
16.9845
20.3637
26.8774
27.3207
30.833
46.791
58.4356
61.9656
186.206
250.975
481.59
522.767
618.835
651.391
726.218
827.551
1377.96
1457.37
2129.69
2171.39
2383.87
2431.22
3353.76
Iteration: 110, Accuracy: 0.169271
Elapsed time: 36.72s
0.173435
0.242352
0.288261
0.599445
0.919673
1.28677
1.76039
2.02362
2.09411
2.45
3.03574
3.49369
5.88032
10.6158
11.589
12.4442
13.3559
19.3361
33.8518
34.2834
34.4473
36.8311
38.7463
55.0139
63.6966
199.751
296.467
488.225
524.551
626.172
655.82
736.566
828.356
1388.41
1462.94
2122.03
2180.76
2390.49
2441.65
3363.39
Iteration: 111, Accuracy: 0.169444
Elapsed time: 37.038s
0.172839
0.346478
0.530617
0.77245
0.991936
1.44733
1.55869
2.62642
2.83484
4.28685
4.49058
4.67266
8.27349
8.84547
11.7276
15.9428
21.0056
22.7191
35.5713
36.2135
41.4115
42.3446
53.5969
66.3369
67.709
227.728
328.272
494.238
524.798
618.648
665.055
727.85
835.485
1390.24
1468.74
2126.22
2168.29
2384.46
2439.4
3371.65
Iteration: 112, Accuracy: 0.169441
Elapsed time: 37.171s
0.0289939
0.0994071
0.559606
1.15428
1.39838
1.49698
1.71997
1.79429
1.85876
2.3774
6.16103
6.26769
6.73926
10.0287
13.4395
15.6495
21.6287
24.3846
27.553
32.9997
34.5115
37.1381
48.6831
58.1025
66.161
253.055
347.514
507.558
543.409
623.732
660.432
734.387
835.018
1396.2
1461.43
2127.45
2162.69
2383.65
2446
3378.2
Iteration: 113, Accuracy: 0.169431
Elapsed time: 36.252s
0.179198
0.232464
0.261798
0.417151
0.644629
0.646771
0.739005
0.794813
1.88786
2.00038
2.25751
4.92147
6.42917
7.15437
8.23998
8.72503
12.8161
13.6007
13.6502
25.7254
36.399
43.8981
46.8939
64.0788
80.3558
271.796
375.642
514.529
555.055
620.427
651.652
730.592
841.824
1395.77
1472.48
2125.33
2171.09
2376.52
2442.33
3367.86
Iteration: 114, Accuracy: 0.16955
Elapsed time: 37.341s
0.289562
0.347815
0.435898
0.443306
0.546354
0.564603
1.32843
2.4942
4.01648
4.68402
4.87278
5.52452
5.96385
8.74535
8.7705
11.3034
11.9905
15.0336
22.551
27.7604
31.0476
43.3602
56.3829
70.0105
87.6053
304.086
396.281
523.011
560.13
629.39
656.771
717.968
847.003
1392.39
1472.46
2129.86
2186.96
2375.42
2446.9
3363.44
Iteration: 115, Accuracy: 0.169453
Elapsed time: 36.554s
0.000187939
0.109216
0.524977
0.613705
0.865288
0.877541
1.01624
2.10867
2.9831
4.72681
4.92129
5.88754
8.30148
9.06608
11.9697
13.7002
16.1477
19.9852
24.5427
30.1749
39.8354
46.0814
65.3431
65.7414
89.8989
316.44
413.25
521.265
567.215
626.793
659.574
719.483
847.981
1391.33
1470.82
2126.82
2191.59
2379.34
2442.3
3368.43
Iteration: 116, Accuracy: 0.169604
Elapsed time: 37.683s
0.130194
0.13136
0.369063
0.584141
0.881439
2.0491
2.85107
3.59177
3.86725
4.65065
5.13406
5.52952
7.55284
8.99747
11.4259
11.6207
17.0404
22.7836
24.9003
25.4993
31.9826
45.3541
63.1019
69.2553
96.1141
343.898
426.822
528.711
561.269
634.498
661.463
730.061
834.598
1395.13
1472.57
2133.43
2181.6
2371.12
2440.73
3356.3
Iteration: 117, Accuracy: 0.169614
Elapsed time: 37.16s
0.0825761
0.461096
0.533917
0.879962
1.38408
1.45537
2.0171
3.01658
3.23056
3.96102
5.10223
8.84306
10.467
10.8884
11.7736
14.7493
15.9924
19.7111
20.8715
25.8049
30.925
41.027
59.6973
59.8865
97.7498
355.117
446.439
533.36
579.466
630.109
666.329
725.945
832.423
1396.74
1475.79
2135.52
2189.71
2373.19
2456.51
3349.44
Iteration: 118, Accuracy: 0.169683
Elapsed time: 37.32s
0.0288358
0.36014
0.831426
1.2301
1.33102
1.37906
1.54437
1.99819
2.07469
2.10235
3.42157
3.54557
9.17183
9.5831
13.7002
14.5529
15.9591
21.2354
23.892
24.6342
32.0267
35.3646
50.8396
65.1058
87.1035
370.765
458.792
540.299
577.21
623.682
671.998
735.16
837.3
1399.01
1477.87
2135.99
2188.53
2369.73
2454.14
3347.22
Iteration: 119, Accuracy: 0.169775
Elapsed time: 37.173s
0.0759761
0.283484
0.513711
0.625366
0.711331
0.939125
1.17961
2.33881
2.93573
3.04999
3.26557
3.34112
5.72954
6.9729
10.1455
14.1801
15.9261
17.7146
20.5835
23.4264
31.4716
39.4865
49.8177
60.1683
86.9784
384.635
464.723
541.948
572.347
623.04
677.236
726.871
820.407
1389.68
1471.3
2141.36
2185.43
2368.97
2454.02
3349.49
Iteration: 120, Accuracy: 0.16975
Elapsed time: 36.795s
0.0469032
0.111315
0.287035
0.29901
0.303302
0.33472
0.370855
0.819755
0.97491
0.981857
1.353
2.97257
6.4679
10.0934
11.3089
11.6809
11.9028
13.9922
24.5045
33.539
35.235
36.4589
53.7736
60.0625
82.1368
400.352
476.06
543.643
567.556
627.135
679.509
727.758
818.669
1404.3
1478.98
2134.77
2179.07
2364.29
2459.37
3348.12
Iteration: 121, Accuracy: 0.169717
Elapsed time: 37.626s
0.462274
0.655544
0.999933
1.50966
1.64166
1.72986
1.91895
2.06126
2.19197
2.21793
3.32744
3.41991
8.85544
9.71724
10.1573
13.8456
18.2148
20.0902
26.3447
26.5547
29.0956
38.2948
40.9215
62.5465
98.0869
407.165
482.337
541.059
568.89
624.747
681.859
716.431
803.007
1394.42
1470.77
2131.74
2191.04
2363.85
2434.95
3337.26
Iteration: 122, Accuracy: 0.169638
Elapsed time: 36.508s
0.0758956
0.266946
0.687921
1.19316
1.79792
2.55132
3.02732
3.62781
3.84911
4.2453
5.71037
6.19952
6.73153
10.8437
12.1519
15.9917
18.228
23.4119
24.0125
33.3978
37.2742
38.3114
46.1712
59.5329
103.725
408.482
478.542
538.872
560.942
636.421
667.84
726.624
818.849
1396.09
1464.59
2137.24
2195.44
2368.33
2433.42
3348
Iteration: 123, Accuracy: 0.169841
Elapsed time: 36.793s
0.138673
0.189098
0.659307
0.953999
1.40733
1.53168
2.29402
3.75512
5.30506
5.73049
6.88285
9.12359
11.5927
15.2648
16.2339
16.5537
20.4282
21.2311
28.8289
37.6034
49.2471
49.8793
51.0781
75.4007
103.014
428.449
478.547
545.335
564.148
635.915
668.552
721.895
814.406
1387.78
1452.93
2126.72
2178.78
2356.55
2440.13
3353.37
Iteration: 124, Accuracy: 0.169761
Elapsed time: 37.664s
0.282265
0.452927
1.03769
1.12065
1.26411
2.23699
2.39822
3.25083
5.28947
6.07982
7.76267
10.6279
10.8488
14.3298
14.5988
22.6285
25.2294
33.6821
33.6835
36.6946
45.4256
46.6913
53.3653
84.6104
115.069
434.606
485.971
552.516
559.11
625.864
667.096
718.721
815.984
1391.2
1454.62
2132.46
2200.73
2352.67
2438.33
3346.76
Iteration: 125, Accuracy: 0.169878
Elapsed time: 37.367s
0.224032
0.450592
0.67499
0.963425
1.30222
1.3053
1.40209
2.45503
2.6946
3.14133
4.52248
4.53428
5.96545
6.47957
16.4277
18.6116
20.4512
23.1334
28.0943
31.3344
42.7768
44.5643
44.9671
92.0158
125.972
443.471
497.113
555.258
568.489
620.296
676.64
726.657
810.686
1392.5
1460.09
2128.26
2198.54
2360.66
2439.24
3341.62
Iteration: 126, Accuracy: 0.169796
Elapsed time: 36.325s
0.0430904
0.545178
0.602083
1.0373
1.27805
1.38022
1.49783
1.63541
1.84835
2.37388
2.64592
6.72614
7.27457
8.90152
10.3892
12.503
18.4336
18.5916
29.6228
34.4088
37.1789
38.4433
39.4508
93.2273
138.126
444.254
508.031
561.118
573.337
622.372
666.189
733.241
810.84
1395.73
1459.52
2132.48
2204.03
2357.3
2440.22
3354.64
Iteration: 127, Accuracy: 0.169747
Elapsed time: 37.57s
0.0618617
0.28785
0.509314
0.669667
0.706831
1.08416
1.31003
1.69509
1.74412
2.29763
2.57851
2.69025
4.89846
5.10018
7.57731
11.3696
24.1224
24.1321
25.6757
30.6918
36.7577
43.3341
49.3348
97.1819
150.989
441.212
504.902
565.766
586.224
634.47
672.775
724.777
813.976
1409.22
1450.52
2135.24
2210.44
2350.98
2443.31
3351.29
Iteration: 128, Accuracy: 0.169878
Elapsed time: 37.705s
0.0137607
0.0225439
0.515172
0.626352
0.996843
1.08299
1.08375
2.11035
2.24711
2.36629
4.1382
4.25404
4.87043
7.66087
8.95195
13.2408
14.5791
19.0891
20.1122
25.7758
43.2236
53.9659
57.6474
98.8889
164.942
445.427
507.185
559.783
589.992
620.515
691.058
725.999
813.284
1410.35
1447.26
2132.36
2218
2351.29
2438.41
3353.96
Iteration: 129, Accuracy: 0.170023
Elapsed time: 36.466s
0.156658
0.300795
0.425981
0.870898
1.07002
1.1895
1.19885
1.44325
1.9192
1.92512
2.34814
5.19101
5.8277
6.49179
6.81817
7.93083
23.6093
23.6336
26.7631
27.5708
45.4647
55.7688
60.2933
100.785
190.806
447.051
525.857
552.566
584.948
632.283
684.361
723.004
820.428
1406.57
1451.09
2130.84
2225.68
2352.17
2434.5
3355.98
Iteration: 130, Accuracy: 0.169865
Elapsed time: 35.866s
0.0501407
0.713988
0.891652
1.59794
1.73197
2.09616
2.4309
2.8099
2.82271
3.72513
4.88066
5.16462
10.2121
11.1363
11.5572
15.8714
18.23
26.8027
29.4254
30.6125
51.8954
56.3148
73.7724
110.917
207.036
463.662
518.424
560.965
571.845
635.774
693.417
714.611
821.046
1402.98
1453.85
2135.84
2225.4
2353.84
2431.92
3357.8
Iteration: 131, Accuracy: 0.169872
Elapsed time: 38.158s
0.371486
0.482609
0.540346
1.58086
2.4783
2.65728
3.7392
4.06893
4.07978
5.68643
8.39986
8.77546
11.075
11.2304
11.8252
12.0323
12.4212
19.8224
37.2554
41.7457
53.3979
69.0424
89.5339
117.823
225.768
473.502
528.378
559.982
577.486
629.214
690.557
710.65
820
1405.32
1452.96
2139
2225.14
2342.28
2440.76
3354.97
Iteration: 132, Accuracy: 0.170063
Elapsed time: 37.45s
0.361341
0.383403
0.530697
0.572731
0.737427
1.69855
2.23965
2.58425
3.10195
4.17641
5.73183
5.82679
6.72493
7.61964
12.2987
13.1601
19.017
31.4592
33.5073
38.9647
49.5522
58.8097
92.482
111.063
233.507
482.567
524.311
556.566
589.005
635.425
690.577
727.788
831.531
1406.81
1445.35
2144.94
2233.87
2338.64
2448.06
3360.15
Iteration: 133, Accuracy: 0.17011
Elapsed time: 36.194s
0.0770721
0.138782
0.778522
0.906412
1.55454
1.55796
1.62076
1.69138
2.01771
2.34037
2.45315
4.08482
4.69615
10.0085
13.3475
13.7865
13.9392
31.4431
31.7508
47.1264
56.9709
59.6708
95.9454
118.43
247.573
482.605
522.334
553.385
571.067
636.886
688.266
734.296
831.506
1412.47
1448.98
2148.24
2241.24
2341.5
2438.92
3363.94
Iteration: 134, Accuracy: 0.16995
Elapsed time: 37.392s
0.231749
0.341861
0.689055
0.947597
0.984093
1.72244
1.79982
2.19556
3.31414
4.09217
5.51998
5.56482
5.97559
8.10673
8.5893
9.14476
14.2151
27.6212
41.3354
51.2598
53.6275
55.02
103.116
129.774
262.063
471.583
522.691
556.745
564.444
636.706
695.083
725.927
823.034
1417.08
1453.95
2145.28
2238.25
2338.24
2442.41
3360.48
Iteration: 135, Accuracy: 0.169854
Elapsed time: 38.151s
0.0901471
0.142662
0.154054
0.387906
0.406563
1.02923
1.24033
2.51924
3.75182
4.46186
7.44792
10.6435
12.6011
13.0435
17.0041
21.4378
24.7317
28.5528
31.8203
49.6406
49.9861
56.0078
116.937
150.692
276.829
470.619
525.097
551.896
575.168
630.678
694.202
713.556
818.057
1413.11
1444.22
2145.91
2225.87
2346.8
2440.92
3360.24
Iteration: 136, Accuracy: 0.169682
Elapsed time: 36.767s
0.15542
0.885241
0.962002
1.40828
2.02358
2.08543
2.32246
2.86883
4.43648
4.7773
5.41946
6.44532
7.17552
7.32579
17.7883
23.0358
23.7885
28.9106
37.2974
40.3051
50.5466
60.1627
118.973
159.176
288.165
464.59
529.285
573.189
575.314
628.37
689.594
718.484
828.748
1408.48
1450.35
2148.7
2229.13
2343.21
2432.49
3360.29
Iteration: 137, Accuracy: 0.170053
Elapsed time: 36.296s
0.0583794
0.240839
0.299617
0.340545
0.503226
2.2567
3.08135
3.21476
5.4092
5.41023
5.59245
6.02479
12.3976
13.5526
14.1402
14.741
22.1068
23.5515
28.1343
43.2315
55.7056
71.7753
124.029
166.065
310.665
467.773
521.445
564.67
574.515
627.603
690.148
732.978
808.092
1401.31
1450.55
2149.76
2239.18
2355.99
2443.26
3369.36
Iteration: 138, Accuracy: 0.169898
Elapsed time: 37.569s
0.0247108
0.25155
0.544862
0.548974
0.607885
0.614405
1.4383
1.53341
7.58914
7.6213
8.70408
9.44472
11.381
12.6518
15.22
17.0999
23.7914
24.6329
26.59
27.9974
52.8036
64.8144
126.535
175.415
322.633
477.968
526.429
571.169
577.816
632.467
688.803
740.628
814.653
1405.16
1441.18
2154.31
2238.19
2358.06
2454.9
3363.91
Iteration: 139, Accuracy: 0.169679
Elapsed time: 37.267s
0.104358
0.373264
0.778696
0.957955
1.22158
1.58085
1.81074
2.49791
3.35087
3.92311
4.22523
4.74422
7.07738
10.7851
13.5755
14.8889
24.1127
24.911
25.4512
34.3727
53.1751
70.2827
132.628
198.823
339.83
478.958
537.813
572.142
573.169
635.203
670.388
751.018
814.202
1392.82
1447.39
2148.18
2251.49
2352.64
2450.66
3364.57
Iteration: 140, Accuracy: 0.169929
Elapsed time: 35.76s
0.367355
0.719394
1.38872
1.39369
2.16851
2.37385
3.14407
3.22445
3.99592
4.17921
4.27582
4.81747
5.21443
14.1592
14.2943
15.6377
17.3067
24.7172
28.3537
37.4776
47.9579
78.9679
136.388
213.564
361.742
480.451
533.261
577.202
581.362
643.049
680.798
743.997
820.56
1391.42
1452.38
2156.46
2256.33
2366.53
2448.87
3356.6
Iteration: 141, Accuracy: 0.169969
Elapsed time: 37.83s
0.176494
0.444679
1.24401
2.04036
2.8029
4.09152
4.27456
4.35164
4.69906
6.03622
6.35066
6.62389
10.0352
10.9438
13.7985
15.1829
16.5177
19.3428
31.4691
41.3753
45.1129
84.8172
152.204
239.272
383.252
484.22
544.649
573.831
584.471
635.677
686.05
754.765
825.333
1384.27
1460.34
2149.44
2253.8
2361.53
2448.94
3361.22
Iteration: 142, Accuracy: 0.170075
Elapsed time: 37.921s
1.5621
1.60355
1.61332
2.02331
2.17827
2.48138
3.31334
3.89421
4.23652
4.25363
6.1123
7.77835
8.69029
10.7133
13.3406
13.3453
16.7213
19.1624
27.7271
36.7568
49.4228
93.2822
153.002
256.848
389.832
489.937
545.195
576.74
578.066
635.966
672.364
752.788
831.051
1389.66
1456.85
2143.3
2248.33
2366.13
2451.58
3359.49
Iteration: 143, Accuracy: 0.170155
Elapsed time: 37.522s
0.0482885
0.622851
0.964682
1.11675
1.20468
1.32482
1.87592
2.47385
3.44884
3.83171
5.46369
6.35704
6.87682
8.31695
12.849
19.9898
21.9686
22.3328
22.5487
24.6495
48.5146
93.4483
156.584
275.063
399.865
492.43
541.143
573.278
577.938
637.886
671.989
750.957
818.088
1396.78
1451.31
2139.19
2240.06
2364.04
2446.78
3351.44
Iteration: 144, Accuracy: 0.170023
Elapsed time: 36.532s
0.316103
0.506162
0.524885
1.21849
2.16188
3.2626
3.27798
3.28959
3.7754
5.34223
5.42557
10.7577
11.4046
12.7925
13.5891
14.2255
15.2115
17.1964
21.9643
23.1973
50.3967
96.6818
170.978
296.639
427.198
510.816
540.459
566.302
579.784
636.882
667.138
737.227
813.787
1393.13
1455.73
2136.93
2235.33
2365.54
2441.14
3347.49
Iteration: 145, Accuracy: 0.170013
Elapsed time: 38.354s
0.594012
1.6484
1.71055
2.12114
2.95257
3.24435
3.27145
3.77402
5.4431
6.0245
7.36688
7.83155
9.88801
10.0535
13.8208
17.3209
17.5347
19.2157
19.2376
19.4274
56.2688
87.1819
180.004
311.895
437.86
503.757
542.112
570.692
571.15
628.892
661.993
728.485
814.554
1384
1457.23
2132.81
2234.2
2362.55
2444.53
3350.81
Iteration: 146, Accuracy: 0.170199
Elapsed time: 37.435s
0.117405
0.421962
0.437552
0.443889
0.616411
2.12325
2.29058
3.37668
3.96615
4.16384
5.04204
9.23191
9.70161
10.1673
11.689
12.104
12.8732
13.2724
14.9179
20.8684
60.1204
88.4694
191.078
316.452
438.282
508.565
541.331
572.561
587.519
630.272
668.364
724.074
815.7
1378.46
1465.08
2123.67
2244.68
2361.28
2447.31
3350.08
Iteration: 147, Accuracy: 0.170336
Elapsed time: 35.91s
0.394239
0.662563
0.903108
0.925074
2.42996
2.65102
3.64814
4.3326
4.38651
4.41774
6.67698
6.94137
7.21703
12.6762
13.4169
15.1567
15.5901
17.8729
17.8934
19.8314
67.7302
78.8269
198.754
332.57
453.67
506.485
539.666
567.922
587.212
626.755
667.632
720.799
807.067
1387.05
1463.29
2133.2
2248.67
2369.92
2454.1
3333.24
Iteration: 148, Accuracy: 0.1701
Elapsed time: 37.491s
0.0353631
0.430402
0.762841
1.66918
2.26961
2.39603
2.77209
3.48148
3.76638
4.66454
5.05213
6.82424
6.9993
7.60969
8.2181
10.0036
11.405
11.5332
18.6389
20.3131
75.2121
79.4088
200.222
331.153
461.855
506.623
548.903
567.079
593.659
638.201
671.716
722.708
811.599
1383.91
1460.83
2138
2249.5
2376.92
2461.31
3339.91
Iteration: 149, Accuracy: 0.17007
Elapsed time: 37.657s
0.374655
0.380664
0.650404
0.7714
1.8534
2.00659
2.66154
3.18409
3.25389
3.39645
3.89306
4.60728
5.09256
5.99687
6.6906
8.95145
11.4084
15.4334
16.9551
23.9803
74.3174
84.7997
220.442
341.986
476.829
506.154
553.927
565.144
598.915
628.483
671.466
725.748
823.692
1373.91
1459.27
2129.45
2249.62
2380.52
2464.34
3351.86
Iteration: 150, Accuracy: 0.170024
Elapsed time: 36.713s
0.205142
0.8513
1.70123
2.06434
2.62608
2.68035
2.90114
4.05385
4.096
4.75672
5.0668
7.53294
7.91729
8.00926
8.13909
8.86342
10.2179
17.4475
20.0999
21.569
78.2222
78.8325
230.22
362.662
481.705
497.35
562.404
578.558
597.415
634.819
669.394
726.733
825.19
1373.81
1453.23
2141
2241.55
2390.47
2462.24
3352.46
Iteration: 151, Accuracy: 0.170076
Elapsed time: 36.769s
0.0963157
0.284549
0.368909
1.90837
2.2644
2.42178
2.57475
2.92612
3.06132
4.15029
4.22485
4.64049
7.8323
7.98632
11.6474
12.5125
16.9755
20.3902
24.4558
25.4491
70.8227
75.9832
235.715
366.734
470.763
497.261
564.112
588.803
599.848
624.721
672.926
726.177
826.279
1369.57
1460.22
2135.69
2239.72
2402.38
2466.33
3350.7
Iteration: 152, Accuracy: 0.169967
Elapsed time: 37.795s
0.194615
0.855438
0.86575
1.2378
1.49238
1.83964
2.18342
2.54775
3.13371
3.19569
4.21076
5.82348
6.07183
6.20367
6.37149
9.1212
11.29
11.7581
20.0411
20.914
76.2877
76.3206
240.904
370.295
486.026
503.286
561.937
582.26
606.633
627.638
662.885
725.116
827.995
1374.62
1454.74
2137.46
2235.81
2408.58
2469.06
3360.52
Iteration: 153, Accuracy: 0.170168
Elapsed time: 37.303s
0.0595146
0.102532
0.208318
0.754382
1.13074
1.42801
1.5573
1.95259
2.31629
2.60025
5.14206
5.33475
6.7332
7.01314
10.6983
10.9704
11.4581
12.4259
18.9345
22.9478
78.0115
82.4151
251.192
378.966
488.22
496.298
555.508
599.045
615.258
632.14
666.685
725.773
837.861
1378.55
1451.18
2138.05
2232.9
2401.99
2465.5
3349.94
Iteration: 154, Accuracy: 0.170073
Elapsed time: 36.235s
0.0291454
1.16951
1.22242
1.29727
1.76296
1.84933
2.23126
4.07123
5.66368
6.10649
7.17924
8.10537
8.21006
8.59931
8.84151
9.08351
12.3643
19.7859
20.0754
23.0521
81.1813
88.3117
272.787
387.971
496.825
497.624
552.31
584.983
609.226
622.63
667.677
743.773
844.168
1375.24
1443.93
2135.25
2238.49
2402.19
2471.39
3342.7
Iteration: 155, Accuracy: 0.170177
Elapsed time: 37.229s
0.197143
0.251414
0.392022
0.544151
0.850865
0.916951
0.95747
1.32902
2.55183
4.29244
4.73573
5.68871
7.35751
8.44811
10.1176
11.5991
18.2127
18.3895
19.7079
20.3515
84.7194
90.5141
276.783
388.067
495.28
501.694
543.473
575.598
613.181
631.462
669.235
734.98
838.931
1378.56
1438.67
2127.46
2238.09
2413.99
2462.96
3346.87
Iteration: 156, Accuracy: 0.170128
Elapsed time: 37.597s
0.128592
0.272592
1.38065
1.43
1.49053
2.52296
3.5279
3.61837
5.10098
7.26015
7.33017
7.95433
9.43635
9.87047
11.6858
12.3816
12.8588
15.1074
16.8357
22.4136
80.9858
99.8317
276.64
399.598
492.891
508.862
553.282
580.679
604.208
625.53
662.432
735.642
842.099
1381.64
1453.02
2129.17
2236.72
2403.34
2474.12
3342.39
Iteration: 157, Accuracy: 0.170356
Elapsed time: 37.012s
0.17952
0.405537
0.647956
0.690159
1.37385
1.47703
2.67935
4.26924
4.59021
5.05004
5.15077
5.26876
6.18553
6.96932
9.66265
13.1943
13.5626
18.8586
20.9859
29.5631
88.1103
103.42
287.831
407.368
484.68
510.136
557.558
576.922
613.929
632.854
669.108
746.372
844.18
1382.6
1441.1
2128.15
2221.86
2398.22
2458.95
3343.37
Iteration: 158, Accuracy: 0.170209
Elapsed time: 36.694s
0.728008
0.831699
1.13521
1.6691
1.9593
3.55115
4.29165
5.1901
6.79332
7.06424
7.99002
8.95012
9.08616
9.59328
10.3763
10.4577
14.6159
15.3389
15.9699
32.6725
96.6825
103.353
295.082
406.341
480.736
517.689
544.517
582.404
613.506
637.631
675.46
754.114
838.46
1378.15
1446.94
2118
2221.49
2389.96
2462.49
3331.72
Iteration: 159, Accuracy: 0.170476
Elapsed time: 38.111s
0.299684
1.09386
1.60862
2.47047
2.61075
3.00367
3.61837
5.10612
5.28533
5.82061
5.84063
6.40778
6.57608
8.01591
9.33858
9.46973
11.2759
12.5516
15.3816
40.3653
101.324
104.91
307.123
409.11
486.607
524.697
552.657
584.137
616.403
642.895
667.79
747.588
842.906
1381.27
1445.15
2115.53
2217.91
2383.7
2475.37
3337.83
Iteration: 160, Accuracy: 0.17035
Elapsed time: 37.243s
0.0364254
0.594542
0.790417
1.0698
1.42301
2.11158
2.27518
4.43397
4.59017
7.81823
11.1759
11.3662
11.7806
11.9454
13.5065
14.7475
15.5978
16.0544
24.2853
30.3942
97.6909
101.514
318.07
428.858
482.641
517.9
561.259
598.08
618.45
635.586
672.315
752.785
837.56
1379.77
1446.75
2104.17
2207.27
2382.74
2475.1
3328.03
Iteration: 161, Accuracy: 0.170333
Elapsed time: 37.016s
0.238219
0.644477
1.17393
2.28026
2.4223
2.55363
3.2639
4.65033
6.29086
7.08615
8.18297
12.7912
13.7984
14.6112
16.0648
20.0168
22.9914
25.0594
25.7229
31.2924
100.587
105.284
327.195
432.054
483.98
521.759
555.864
596.674
619.054
640.761
680.182
746.613
846.447
1375.71
1446.03
2099.53
2204.83
2384.16
2472.56
3329.16
Iteration: 162, Accuracy: 0.170445
Elapsed time: 37.47s
1.64383
1.97623
2.0229
2.68834
2.73113
3.2068
3.2618
4.16242
4.85795
7.75349
8.30629
9.68833
13.3977
13.577
18.647
20.297
21.2528
21.9283
30.3242
41.4609
97.3711
105.014
334.112
452.035
477.514
527.488
561.814
590.744
618.816
638.317
688.477
753.684
851.509
1380.02
1446.17
2091.46
2207.4
2390.55
2476.07
3338.39
Iteration: 163, Accuracy: 0.170291
Elapsed time: 38.398s
0.0276043
1.25
1.26309
1.78897
1.97355
2.40517
3.19909
3.96942
4.90432
5.8572
6.45154
6.93794
7.08821
13.3687
16.7653
21.4482
21.501
22.9447
23.3426
39.0007
98.0381
121.358
343.662
459.089
489.854
524.241
552.108
593.264
621.28
650.89
688.633
762.27
846.653
1374.2
1446.95
2077.53
2215.84
2379.08
2476.35
3341.62
Iteration: 164, Accuracy: 0.17018
Elapsed time: 37.173s
0.123174
0.350713
0.397253
0.64644
1.58529
1.63256
1.65344
1.74051
1.8975
2.70868
3.65691
4.25176
7.05631
8.09182
11.4745
18.7879
22.6375
25.7964
30.4741
39.2627
98.8738
127.584
356.036
461.854
494.315
521.409
562.684
596.845
615.431
647.049
686.797
763.66
836.539
1371.48
1438.04
2069.54
2235.31
2380.13
2477.82
3333.8
Iteration: 165, Accuracy: 0.170495
Elapsed time: 37.544s
0.00209898
0.198973
0.226485
0.326269
0.966021
1.0653
3.24763
4.11184
4.7382
5.05688
5.14533
5.35901
6.2491
11.7917
14.4165
20.2003
23.1393
25.1624
39.622
39.8773
110.633
125.397
359.52
473.03
494.705
531.781
556.648
602.921
619.141
645.579
683.151
751.501
825.794
1377.23
1445.15
2069.57
2224.12
2374.89
2478.54
3341.19
Iteration: 166, Accuracy: 0.170366
Elapsed time: 38.923s
0.448643
0.452218
0.803806
1.4908
1.49738
1.5942
3.63392
4.93939
6.20369
6.93402
7.83459
11.7363
11.8049
12.4844
16.654
18.5652
19.152
23.6928
30.7641
35.1625
118.361
131.102
357.312
471.165
500.771
521.151
564.551
597.764
629.859
642.602
678.229
752.472
824.244
1370.99
1444.76
2078.35
2217.31
2373.24
2479.08
3328.74
Iteration: 167, Accuracy: 0.170269
Elapsed time: 38.954s
0.0894098
0.148567
0.538358
1.27034
1.59508
2.1213
4.53914
4.94701
5.92123
10.2143
14.2964
16.0171
16.0628
16.2143
16.2373
17.2715
18.6008
20.4799
22.6534
25.7171
124.191
141.291
356.56
465.177
502.954
513.154
576.665
601.324
631.252
635.88
681.493
749.253
819.092
1358.35
1441.67
2079.08
2223.94
2376.14
2473.63
3339.61
Iteration: 168, Accuracy: 0.170127
Elapsed time: 39.104s
0.738956
0.830252
1.29409
2.56605
3.34128
4.0038
4.95652
5.25455
6.86425
8.01604
8.45486
9.0288
13.5408
13.6729
17.0618
17.8024
17.8641
19.1254
19.8625
23.0947
135.219
135.876
368.229
469.219
501.739
519.794
582.028
599.109
632.614
634.668
679.545
742.412
816.543
1364.23
1431.26
2069.85
2215.96
2370.73
2472.89
3339.04
Iteration: 169, Accuracy: 0.170242
Elapsed time: 37.74s
0.0584837
0.473521
0.594869
2.14604
3.08826
3.13757
3.14888
4.11863
5.48402
7.26248
8.52714
8.76071
9.3539
11.9394
12.279
12.7202
18.425
19.562
20.039
27.864
135.578
147.971
381.35
475.426
509.454
520.069
581.347
602.783
621.831
630.513
683.751
730.361
811.525
1370.57
1437.58
2073.55
2216.1
2351.01
2475.35
3335.99
Iteration: 170, Accuracy: 0.170218
Elapsed time: 39.836s
0.637006
1.12611
1.93207
1.96636
2.33907
2.3444
2.34858
3.00641
3.83583
4.91656
6.17666
9.54533
9.65485
11.0008
11.1455
14.4219
23.5162
27.2721
28.8806
30.9282
138.194
163.317
372.24
482.416
514.72
534.332
577.109
604.566
626.575
633.689
672.084
742.027
812.484
1367.57
1430.09
2065.45
2219.86
2341.69
2475.24
3343.24
Iteration: 171, Accuracy: 0.170247
Elapsed time: 38.959s
0.0793838
0.244897
0.353227
0.370558
0.824574
2.70202
3.08251
3.72654
4.06426
4.20691
4.90636
7.29041
10.8339
14.3786
17.0603
17.7252
20.0726
21.945
22.2966
30.3656
138.059
160.233
382.653
480.583
514.065
538.071
574.014
598.253
621.996
636.729
661.887
729.824
817.015
1364.03
1432.58
2061.7
2228.42
2338.39
2479.36
3338.81
Iteration: 172, Accuracy: 0.170404
Elapsed time: 39.033s
0.120594
0.181631
0.288521
1.39378
2.18467
2.45448
3.80089
3.88351
3.92903
4.55542
5.1521
7.53789
13.3187
14.294
18.1556
18.4795
19.6216
19.7223
31.9529
33.7588
138.727
173.599
397.991
477.467
511.277
539.677
567.359
608.109
617.521
639.534
666.879
734.263
818.439
1358.33
1440.07
2063.15
2238.22
2347.05
2473.91
3347.02
Iteration: 173, Accuracy: 0.170208
Elapsed time: 37.876s
0.916833
1.25611
1.31299
1.79159
1.8249
2.31288
5.00643
6.03644
6.06472
6.3566
7.09154
12.0978
12.7256
13.8368
14.673
14.7005
16.5963
16.8109
24.3575
40.7968
154.067
170.204
398.807
476.849
513.738
546.711
564.91
603.99
621.156
636.891
675.984
749.745
813.589
1354.33
1430.56
2055.99
2236.88
2353.61
2470.06
3350.81
Iteration: 174, Accuracy: 0.170204
Elapsed time: 37.88s
0.691642
1.11617
2.23249
2.26834
3.37387
4.88346
5.23127
5.48176
5.88585
7.82144
7.93559
8.85419
9.921
11.3174
13.0513
15.9465
18.8508
18.9252
25.8779
48.7994
161.502
169.996
401.972
481.777
508.268
538.779
564.317
613.945
620.655
643.963
666.366
754.126
808.04
1351.33
1418.03
2061.35
2248.51
2357.02
2470.16
3350.43
Iteration: 175, Accuracy: 0.170363
Elapsed time: 37.908s
0.595479
0.60899
0.701912
1.89866
2.35751
2.58556
3.53971
3.60241
6.41296
6.58631
7.69319
8.86488
9.83462
11.986
12.4713
14.4116
16.8053
19.7543
35.6643
42.9677
168.063
169.936
419.625
488.081
500.378
529.884
561.242
608.008
620.522
635.901
678.594
739.397
802.22
1343.46
1417.33
2057.41
2253.03
2337.95
2475.11
3352.12
Iteration: 176, Accuracy: 0.170316
Elapsed time: 38.407s
0.262788
1.47829
1.95494
2.41236
2.7344
3.40476
3.93491
4.13166
4.47966
5.33635
7.55671
11.7219
12.0867
15.2267
17.7839
19.2154
21.4909
31.2662
31.7784
36.9822
177.351
183.404
433.387
484.269
504.667
520.73
553.71
609.662
614.88
630.645
676.778
739.131
792.178
1344.76
1416.24
2059.38
2257.27
2348.23
2480.9
3349.01
Iteration: 177, Accuracy: 0.170465
Elapsed time: 37.999s
0.342381
0.664469
0.957641
1.44021
1.6483
1.71017
2.20995
2.33166
2.66224
4.41525
4.94772
6.5045
7.29005
16.2695
17.3858
22.2441
26.7691
29.6529
38.6623
47.529
183.604
193.071
436.625
481.856
514.287
531.484
558.741
608.145
613.227
620.732
691.825
735.1
798.553
1339.23
1412.67
2063.95
2272.08
2358.85
2478.81
3354.8
Iteration: 178, Accuracy: 0.170447
Elapsed time: 37.665s
0.0440183
0.799548
1.41796
1.42643
1.63156
1.73591
1.91904
3.81418
4.75674
5.34234
5.42802
6.0353
6.92617
12.2672
17.8911
20.3309
26.7702
34.3996
42.5343
47.8055
195.518
203.836
439.488
486.302
510.537
527.322
554.273
600.562
621.813
626.498
674.573
738.551
811.175
1349.46
1406.62
2059.77
2273.05
2365.89
2482.57
3364.15
Iteration: 179, Accuracy: 0.170345
Elapsed time: 38.867s
0.0312614
0.291455
0.585709
1.5932
2.7933
4.51072
4.52452
6.04707
6.39847
7.02162
7.92387
8.16764
11.1138
11.3184
11.6491
19.191
28.6303
30.7123
32.3117
53.7565
210.182
211.363
445.155
481.03
512.088
535.099
554.496
600.914
615.196
626.009
669.457
744.826
792.839
1343.63
1414.27
2054.77
2250.79
2358.3
2481.32
3365.3
Iteration: 180, Accuracy: 0.170346
Elapsed time: 36.455s
0.134561
0.410762
0.552465
1.06122
1.42233
2.59742
3.61073
4.3101
4.44142
6.48636
8.79521
8.85223
9.48836
10.4488
15.5369
19.9503
20.5544
28.2592
35.5135
63.4198
220.699
226.029
442.654
479.36
513.232
548.503
554.629
602.087
614.866
625.395
676.653
742.89
807.308
1339.73
1409.73
2052.91
2244.72
2365.92
2484.58
3370.51
Iteration: 181, Accuracy: 0.170274
Elapsed time: 37.992s
0.216154
0.50587
0.678714
0.748187
1.39224
2.09594
2.13412
2.38735
2.46722
3.53972
4.27498
4.86718
10.9105
14.6348
22.5438
22.5704
25.596
32.2057
39.6356
66.6653
228.106
237.81
432.675
474.95
507.423
547.271
560.778
607.203
624.038
625.197
670.732
743.841
805.397
1351.14
1412.45
2062.97
2227.51
2367.14
2475.4
3374.08
Iteration: 182, Accuracy: 0.170322
Elapsed time: 37.885s
0.2283
2.3905
2.41271
3.00351
3.17143
3.8951
3.90087
5.60812
5.74111
7.8354
10.3295
11.1798
11.5835
14.8146
18.1852
22.5002
29.2103
33.5915
48.9806
61.428
249.111
251.241
431.879
480.321
506.895
550.589
555.734
612.636
636.042
638.098
671.888
749.97
799.412
1345.18
1425.32
2065.57
2221.1
2373.89
2478.17
3379.62
Iteration: 183, Accuracy: 0.170622
Elapsed time: 37.489s
0.0331333
0.241465
0.711901
0.722403
0.895597
0.896916
2.4121
4.40555
4.48848
6.78302
8.84959
13.1376
13.185
13.408
15.0779
15.1016
28.6532
32.0884
43.3199
70.7596
255.488
269.667
430.735
476.846
509.799
545.415
551.923
607.758
636.085
649.176
672.387
745.263
805.369
1345.74
1427.06
2074.16
2222.38
2381.57
2474.81
3378.99
Iteration: 184, Accuracy: 0.170676
Elapsed time: 38.308s
0.0481157
0.262644
0.3433
0.514619
0.595989
2.03416
2.61834
2.9208
3.77188
6.52834
8.06166
10.8231
11.1884
12.7354
16.1251
22.7565
23.9
38.1606
40.6035
66.8702
265.704
281.1
441.419
478.995
504.496
542.581
547.841
617.244
643.392
648.821
674.766
744.792
811.716
1348.34
1424.51
2063.73
2221.43
2390.45
2473.4
3379.81
Iteration: 185, Accuracy: 0.17075
Elapsed time: 39.293s
0.0951169
0.991785
1.53708
1.82132
2.699
3.19983
3.99022
4.05754
5.44464
5.72374
5.89315
6.0347
9.41654
12.6723
18.1157
19.1635
25.0519
29.4204
50.9853
68.2587
283.014
286.979
436.344
499.918
504.722
537.32
558.434
614.44
645.299
647.08
671.133
750.791
808.353
1348.78
1432.53
2062.92
2211.45
2389.58
2476.23
3387.58
Iteration: 186, Accuracy: 0.170887
Elapsed time: 41.027s
0.219844
0.303614
0.46608
0.566773
0.635943
0.831425
2.42251
3.20788
3.20949
5.54482
5.71306
6.07418
8.06487
8.84593
8.96264
21.8169
28.1388
33.4585
58.3499
66.6471
272.598
294.731
432.178
493.568
514.199
538.408
560.427
623.51
630.029
639.627
669.384
751.421
793.28
1343.15
1423.94
2062.34
2220.24
2384.44
2475.94
3384.15
Iteration: 187, Accuracy: 0.170466
Elapsed time: 40.683s
0.972679
1.32504
1.34116
1.66224
2.30709
3.17681
3.40594
3.76077
5.47307
7.63174
8.71603
10.65
10.9515
14.2354
14.6081
31.3776
36.2894
37.4068
66.4559
73.0587
294.688
302.686
438.312
488.982
523.297
548.254
569.519
627.696
639.478
643.034
676.529
757.323
794.375
1340.59
1416.7
2064.62
2219.07
2399.41
2482.38
3384.19
Iteration: 188, Accuracy: 0.170704
Elapsed time: 40.132s
0.214937
0.226739
0.649244
1.25744
1.71763
2.15495
3.39526
3.60132
4.59144
6.31356
7.51582
11.9966
12.1043
16.3251
19.8038
21.1698
30.1473
34.1986
69.1184
72.6421
304.693
312.083
433.82
496.121
516.479
548.233
572.876
615.407
633.25
640.638
683.967
755.342
793.967
1348.62
1418.3
2057.74
2208.15
2392.5
2477.01
3377.89
Iteration: 189, Accuracy: 0.170713
Elapsed time: 41.285s
0.34279
1.38142
1.55821
2.46566
2.77328
2.83228
3.66079
8.86297
11.4752
12.5721
13.1041
13.8581
14.1023
17.4316
20.9018
21.4291
25.0765
30.3833
63.4684
69.8866
309.514
310.755
453.271
492.759
507.072
551.554
571.093
618.608
629.345
629.397
683.372
759.956
788.51
1347.86
1419.52
2055.13
2209.37
2390.5
2470.24
3372.82
Iteration: 190, Accuracy: 0.17075
Elapsed time: 37.379s
1.03902
1.11722
1.6428
3.96533
4.37006
5.25497
5.40155
5.6744
8.34683
9.40496
11.6538
12.5029
13.2105
14.8881
22.339
23.4397
25.5242
27.7799
56.3908
63.9916
320.699
324.103
456.158
485.143
510.978
540.58
575.513
616.966
633.443
639.31
674.067
765.065
807.002
1346.22
1413.18
2054.59
2208.89
2388.29
2465.45
3382.77
Iteration: 191, Accuracy: 0.170573
Elapsed time: 36.258s
0.297047
1.355
1.45963
2.07238
3.235
4.72246
5.88864
6.17693
6.93653
9.71596
11.5015
13.3822
15.5175
17.6062
20.0202
23.5484
24.5924
35.3003
48.8546
60.4462
323.01
333.462
447.768
492.631
500.417
543.939
564.91
615.853
624.471
633.355
671.772
771.314
800.526
1329.59
1408.96
2037.37
2207.65
2394.64
2481.29
3372.86
Iteration: 192, Accuracy: 0.17056
Elapsed time: 37.729s
0.282957
0.308215
0.879183
2.31701
2.61961
3.14348
4.25399
4.36001
7.49406
7.99757
9.72342
10.0275
11.5682
17.5039
18.6679
20.0007
32.5791
33.3644
51.9297
58.3304
337.459
339.519
445.778
485.56
501.648
517.996
559.081
612.666
623.827
628.746
680.541
769.615
794.518
1328.26
1393.67
2033.75
2192.77
2396.71
2478.85
3374.75
Iteration: 193, Accuracy: 0.170416
Elapsed time: 37.653s
0.267541
0.58685
0.85567
1.35214
1.75786
1.82894
2.06907
4.04436
6.12891
7.62371
9.12003
9.17734
12.4438
13.12
15.3043
21.7543
31.3592
38.4393
56.0199
66.0863
342.849
352.864
448.155
490.77
502.204
516.705
560.139
622.447
631.739
636.581
689.777
769.052
797.728
1319.63
1391.09
2032.67
2191.07
2392.76
2478.04
3369.14
Iteration: 194, Accuracy: 0.170629
Elapsed time: 39.98s
0.0351728
0.439856
1.10925
1.44249
1.60945
2.1558
3.31735
4.00431
4.43628
4.71234
5.96802
9.16167
11.6957
17.5225
19.7562
23.3421
30.586
40.5032
59.675
63.7963
348.157
360.516
429.44
501.199
505.048
525.208
562.143
617.89
632.342
641.51
682.81
763.669
800.787
1319.95
1388.1
2028.51
2186.45
2389.66
2477.16
3367.98
Iteration: 195, Accuracy: 0.170645
Elapsed time: 38.113s
0.12063
0.927781
0.928825
1.22606
1.78185
1.93432
2.06644
5.07965
9.45755
10.1109
10.6264
16.5148
16.7508
17.9692
24.5245
26.0546
37.7208
45.9614
53.1386
61.5444
362.918
369.302
425.798
498.037
506.965
538.889
570.813
627.076
639.52
646.816
689.947
766.821
802.514
1323.53
1388.56
2026.81
2190.61
2389.49
2480.13
3363.64
Iteration: 196, Accuracy: 0.170747
Elapsed time: 38.114s
0.78575
0.789409
1.12932
1.59398
2.57172
3.08417
3.27844
4.85374
7.36761
10.4265
10.5615
12.0921
16.6992
17.1715
19.7606
28.7966
43.2552
47.744
59.1777
60.0552
356.052
374.179
437.048
498.851
504.783
542.736
580.484
633.459
642.761
642.815
685.59
763.355
802.699
1326.98
1386.31
2027.23
2190.1
2388.78
2485.65
3365.39
Iteration: 197, Accuracy: 0.170652
Elapsed time: 37.126s
0.001423
0.632144
0.770843
0.781888
4.45124
4.48685
7.72517
8.05227
8.65722
9.36569
11.3399
12.7176
13.8471
18.5998
19.626
25.5989
39.7943
50.521
62.7616
75.1499
354.92
390.808
452.417
504.632
521.27
539.331
579.427
639.201
646.399
652.391
689.356
753.345
798.061
1315.09
1377.52
2010.25
2184.92
2395.88
2482.97
3372.93
Iteration: 198, Accuracy: 0.170938
Elapsed time: 38.296s
0.844007
0.955002
0.968551
1.154
2.34957
5.67514
7.741
8.31004
8.91493
9.20546
11.1557
12.8094
13.8609
13.8768
25.5952
29.8937
52.9417
61.1224
64.8349
82.4852
360.165
391.348
462.549
499.999
516.584
546.698
574.524
629.026
637.336
648.276
693.708
756.18
791.862
1327.72
1375.02
2016.51
2187.7
2399.16
2496.07
3376.96
Iteration: 199, Accuracy: 0.1709
Elapsed time: 40.031s
Averaged Accuracy for 30 iterations: 0.159169
4.19417
4.37581
4.56738
4.71517
4.96859
5.70879
6.74846
6.75832
6.79435
6.81517
7.2352
8.77895
9.34548
14.0835
17.4429
18.4929
22.9456
29.4505
40.3887
51.6446
254.376
263.851
429.59
487.157
509.7
537.963
564.51
614.178
631.302
634.404
677.552
750.579
802.715
1342.76
1412.95
2052.21
2221.33
2374.29
2477.89
3366.26
Averaged Elapsed Time: 39.5681s
